0.000000E+00 0.000000E+00 0.000000E+00
0.000000E+00 2.040816E-01 1.999167E+00
0.000000E+00 4.081633E-01 3.915035E+00
0.000000E+00 6.122449E-01 5.747605E+00
0.000000E+00 8.163265E-01 7.496876E+00
0.000000E+00 1.020408E+00 9.162849E+00
0.000000E+00 1.224490E+00 1.074552E+01
0.000000E+00 1.428571E+00 1.224490E+01
0.000000E+00 1.632653E+00 1.366097E+01
0.000000E+00 1.836735E+00 1.499375E+01
0.000000E+00 2.040816E+00 1.624323E+01
0.000000E+00 2.244898E+00 1.740941E+01
0.000000E+00 2.448980E+00 1.849229E+01
0.000000E+00 2.653061E+00 1.949188E+01
0.000000E+00 2.857143E+00 2.040816E+01
0.000000E+00 3.061224E+00 2.124115E+01
0.000000E+00 3.265306E+00 2.199084E+01
0.000000E+00 3.469388E+00 2.265723E+01
0.000000E+00 3.673469E+00 2.324032E+01
0.000000E+00 3.877551E+00 2.374011E+01
0.000000E+00 4.081633E+00 2.415660E+01
0.000000E+00 4.285714E+00 2.448980E+01
0.000000E+00 4.489796E+00 2.473969E+01
0.000000E+00 4.693878E+00 2.490629E+01
0.000000E+00 4.897959E+00 2.498959E+01
0.000000E+00 5.102041E+00 2.498959E+01
0.000000E+00 5.306122E+00 2.490629E+01
0.000000E+00 5.510204E+00 2.473969E+01
0.000000E+00 5.714286E+00 2.448980E+01
0.000000E+00 5.918367E+00 2.415660E+01
0.000000E+00 6.122449E+00 2.374011E+01
0.000000E+00 6.326531E+00 2.324032E+01
0.000000E+00 6.530612E+00 2.265723E+01
0.000000E+00 6.734694E+00 2.199084E+01
0.000000E+00 6.938776E+00 2.124115E+01
0.000000E+00 7.142857E+00 2.040816E+01
0.000000E+00 7.346939E+00 1.949188E+01
0.000000E+00 7.551020E+00 1.849229E+01
0.000000E+00 7.755102E+00 1.740941E+01
0.000000E+00 7.959184E+00 1.624323E+01
0.000000E+00 8.163265E+00 1.499375E+01
0.000000E+00 8.367347E+00 1.366097E+01
0.000000E+00 8.571429E+00 1.224490E+01
0.000000E+00 8.775510E+00 1.074552E+01
0.000000E+00 8.979592E+00 9.162849E+00
0.000000E+00 9.183673E+00 7.496876E+00
0.000000E+00 9.387755E+00 5.747605E+00
0.000000E+00 9.591837E+00 3.915035E+00
0.000000E+00 9.795918E+00 1.999167E+00
0.000000E+00 1.000000E+01 0.000000E+00

2.040816E-01 0.000000E+00 1.999167E+00
2.040816E-01 2.040816E-01 3.883619E+00
2.040816E-01 4.081633E-01 5.768071E+00
2.040816E-01 6.122449E-01 7.619567E+00
2.040816E-01 8.163265E-01 9.422537E+00
2.040816E-01 1.020408E+00 1.116834E+01
2.040816E-01 1.224490E+00 1.285146E+01
2.040816E-01 1.428571E+00 1.446798E+01
2.040816E-01 1.632653E+00 1.601480E+01
2.040816E-01 1.836735E+00 1.748926E+01
2.040816E-01 2.040816E+00 1.888891E+01
2.040816E-01 2.244898E+00 2.021139E+01
2.040816E-01 2.448980E+00 2.145429E+01
2.040816E-01 2.653061E+00 2.261514E+01
2.040816E-01 2.857143E+00 2.369138E+01
2.040816E-01 3.061224E+00 2.468031E+01
2.040816E-01 3.265306E+00 2.557917E+01
2.040816E-01 3.469388E+00 2.638512E+01
2.040816E-01 3.673469E+00 2.709532E+01
2.040816E-01 3.877551E+00 2.770702E+01
2.040816E-01 4.081633E+00 2.821757E+01
2.040816E-01 4.285714E+00 2.862459E+01
2.040816E-01 4.489796E+00 2.892602E+01
2.040816E-01 4.693878E+00 2.912020E+01
2.040816E-01 4.897959E+00 2.920593E+01
2.040816E-01 5.102041E+00 2.918257E+01
2.040816E-01 5.306122E+00 2.904999E+01
2.040816E-01 5.510204E+00 2.880866E+01
2.040816E-01 5.714286E+00 2.845952E+01
2.040816E-01 5.918367E+00 2.800403E+01
2.040816E-01 6.122449E+00 2.744401E+01
2.040816E-01 6.326531E+00 2.678162E+01
2.040816E-01 6.530612E+00 2.601923E+01
2.040816E-01 6.734694E+00 2.515934E+01
2.040816E-01 6.938776E+00 2.420451E+01
2.040816E-01 7.142857E+00 2.315725E+01
2.040816E-01 7.346939E+00 2.202001E+01
2.040816E-01 7.551020E+00 2.079508E+01
2.040816E-01 7.755102E+00 1.948463E+01
2.040816E-01 7.959184E+00 1.809062E+01
2.040816E-01 8.163265E+00 1.661491E+01
2.040816E-01 8.367347E+00 1.505920E+01
2.040816E-01 8.571429E+00 1.342511E+01
2.040816E-01 8.775510E+00 1.171429E+01
2.040816E-01 8.979592E+00 9.928482E+00
2.040816E-01 9.183673E+00 8.069796E+00
2.040816E-01 9.387755E+00 6.141039E+00
2.040816E-01 9.591837E+00 4.146544E+00
2.040816E-01 9.795918E+00 2.094058E+00
2.040816E-01 1.000000E+01 0.000000E+00

4.081633E-01 0.000000E+00 3.915035E+00
4.081633E-01 2.040816E-01 5.768071E+00
4.081633E-01 4.081633E-01 7.654063E+00
4.081633E-01 6.122449E-01 9.540055E+00
4.081633E-01 8.163265E-01 1.140537E+01
4.081633E-01 1.020408E+00 1.323650E+01
4.081633E-01 1.224490E+00 1.502400E+01
4.081633E-01 1.428571E+00 1.676076E+01
4.081633E-01 1.632653E+00 1.844098E+01
4.081633E-01 1.836735E+00 2.005956E+01
4.081633E-01 2.040816E+00 2.161177E+01
4.081633E-01 2.244898E+00 2.309294E+01
4.081633E-01 2.448980E+00 2.449832E+01
4.081633E-01 2.653061E+00 2.582302E+01
4.081633E-01 2.857143E+00 2.706189E+01
4.081633E-01 3.061224E+00 2.820954E+01
4.081633E-01 3.265306E+00 2.926040E+01
4.081633E-01 3.469388E+00 3.020874E+01
4.081633E-01 3.673469E+00 3.104883E+01
4.081633E-01 3.877551E+00 3.177504E+01
4.081633E-01 4.081633E+00 3.238204E+01
4.081633E-01 4.285714E+00 3.286495E+01
4.081633E-01 4.489796E+00 3.321957E+01
4.081633E-01 4.693878E+00 3.344251E+01
4.081633E-01 4.897959E+00 3.353133E+01
4.081633E-01 5.102041E+00 3.348471E+01
4.081633E-01 5.306122E+00 3.330242E+01
4.081633E-01 5.510204E+00 3.298538E+01
4.081633E-01 5.714286E+00 3.253558E+01
4.081633E-01 5.918367E+00 3.195595E+01
4.081633E-01 6.122449E+00 3.125027E+01
4.081633E-01 6.326531E+00 3.042291E+01
4.081633E-01 6.530612E+00 2.947872E+01
4.081633E-01 6.734694E+00 2.842279E+01
4.081633E-01 6.938776E+00 2.726029E+01
4.081633E-01 7.142857E+00 2.599633E+01
4.081633E-01 7.346939E+00 2.463582E+01
4.081633E-01 7.551020E+00 2.318340E+01
4.081633E-01 7.755102E+00 2.164338E+01
4.081633E-01 7.959184E+00 2.001973E+01
4.081633E-01 8.163265E+00 1.831607E+01
4.081633E-01 8.367347E+00 1.653579E+01
4.081633E-01 8.571429E+00 1.468206E+01
4.081633E-01 8.775510E+00 1.275803E+01
4.081633E-01 8.979592E+00 1.076700E+01
4.081633E-01 9.183673E+00 8.712784E+00
4.081633E-01 9.387755E+00 6.600214E+00
4.081633E-01 9.591837E+00 4.436041E+00
4.081633E-01 9.795918E+00 2.230523E+00
4.081633E-01 1.000000E+01 0.000000E+00

6.122449E-01 0.000000E+00 5.747605E+00
6.122449E-01 2.040816E-01 7.619567E+00
6.122449E-01 4.081633E-01 9.540055E+00
6.122449E-01 6.122449E-01 1.148122E+01
6.122449E-01 8.163265E-01 1.342239E+01
6.122449E-01 1.020408E+00 1.534828E+01
6.122449E-01 1.224490E+00 1.724728E+01
6.122449E-01 1.428571E+00 1.911008E+01
6.122449E-01 1.632653E+00 2.092878E+01
6.122449E-01 1.836735E+00 2.269625E+01
6.122449E-01 2.040816E+00 2.440567E+01
6.122449E-01 2.244898E+00 2.605026E+01
6.122449E-01 2.448980E+00 2.762305E+01
6.122449E-01 2.653061E+00 2.911673E+01
6.122449E-01 2.857143E+00 3.052360E+01
6.122449E-01 3.061224E+00 3.183555E+01
6.122449E-01 3.265306E+00 3.304412E+01
6.122449E-01 3.469388E+00 3.414058E+01
6.122449E-01 3.673469E+00 3.511616E+01
6.122449E-01 3.877551E+00 3.596222E+01
6.122449E-01 4.081633E+00 3.667052E+01
6.122449E-01 4.285714E+00 3.723353E+01
6.122449E-01 4.489796E+00 3.764472E+01
6.122449E-01 4.693878E+00 3.789882E+01
6.122449E-01 4.897959E+00 3.799208E+01
6.122449E-01 5.102041E+00 3.792241E+01
6.122449E-01 5.306122E+00 3.768949E+01
6.122449E-01 5.510204E+00 3.729478E+01
6.122449E-01 5.714286E+00 3.674137E+01
6.122449E-01 5.918367E+00 3.603387E+01
6.122449E-01 6.122449E+00 3.517814E+01
6.122449E-01 6.326531E+00 3.418099E+01
6.122449E-01 6.530612E+00 3.304992E+01
6.122449E-01 6.734694E+00 3.179278E+01
6.122449E-01 6.938776E+00 3.041752E+01
6.122449E-01 7.142857E+00 2.893194E+01
6.122449E-01 7.346939E+00 2.734353E+01
6.122449E-01 7.551020E+00 2.565931E+01
6.122449E-01 7.755102E+00 2.388577E+01
6.122449E-01 7.959184E+00 2.202882E+01
6.122449E-01 8.163265E+00 2.009387E+01
6.122449E-01 8.367347E+00 1.808583E+01
6.122449E-01 8.571429E+00 1.600932E+01
6.122449E-01 8.775510E+00 1.386876E+01
6.122449E-01 8.979592E+00 1.166870E+01
6.122449E-01 9.183673E+00 9.414129E+00
6.122449E-01 9.387755E+00 7.110989E+00
6.122449E-01 9.591837E+00 4.766884E+00
6.122449E-01 9.795918E+00 2.391994E+00
6.122449E-01 1.000000E+01 0.000000E+00

8.163265E-01 0.000000E+00 7.496876E+00
8.163265E-01 2.040816E-01 9.422537E+00
8.163265E-01 4.081633E-01 1.140537E+01
8.163265E-01 6.122449E-01 1.342239E+01
8.163265E-01 8.163265E-01 1.545468E+01
8.163265E-01 1.020408E+00 1.748697E+01
8.163265E-01 1.224490E+00 1.950677E+01
8.163265E-01 1.428571E+00 2.150351E+01
8.163265E-01 1.632653E+00 2.346783E+01
8.163265E-01 1.836735E+00 2.539097E+01
8.163265E-01 2.040816E+00 2.726439E+01
8.163265E-01 2.244898E+00 2.907938E+01
8.163265E-01 2.448980E+00 3.082687E+01
8.163265E-01 2.653061E+00 3.249723E+01
8.163265E-01 2.857143E+00 3.408021E+01
8.163265E-01 3.061224E+00 3.556491E+01
8.163265E-01 3.265306E+00 3.693988E+01
8.163265E-01 3.469388E+00 3.819323E+01
8.163265E-01 3.673469E+00 3.931291E+01
8.163265E-01 3.877551E+00 4.028701E+01
8.163265E-01 4.081633E+00 4.110410E+01
8.163265E-01 4.285714E+00 4.175371E+01
8.163265E-01 4.489796E+00 4.222670E+01
8.163265E-01 4.693878E+00 4.251571E+01
8.163265E-01 4.897959E+00 4.261547E+01
8.163265E-01 5.102041E+00 4.252308E+01
8.163265E-01 5.306122E+00 4.223811E+01
8.163265E-01 5.510204E+00 4.176262E+01
8.163265E-01 5.714286E+00 4.110103E+01
8.163265E-01 5.918367E+00 4.025984E+01
8.163265E-01 6.122449E+00 3.924727E+01
8.163265E-01 6.326531E+00 3.807288E+01
8.163265E-01 6.530612E+00 3.674710E+01
8.163265E-01 6.734694E+00 3.528082E+01
8.163265E-01 6.938776E+00 3.368501E+01
8.163265E-01 7.142857E+00 3.197036E+01
8.163265E-01 7.346939E+00 3.014704E+01
8.163265E-01 7.551020E+00 2.822454E+01
8.163265E-01 7.755102E+00 2.621155E+01
8.163265E-01 7.959184E+00 2.411592E+01
8.163265E-01 8.163265E+00 2.194474E+01
8.163265E-01 8.367347E+00 1.970436E+01
8.163265E-01 8.571429E+00 1.740062E+01
8.163265E-01 8.775510E+00 1.503900E+01
8.163265E-01 8.979592E+00 1.262492E+01
8.163265E-01 9.183673E+00 1.016404E+01
8.163265E-01 9.387755E+00 7.662731E+00
8.163265E-01 9.591837E+00 5.128512E+00
8.163265E-01 9.795918E+00 2.570567E+00
8.163265E-01 1.000000E+01 0.000000E+00

1.020408E+00 0.000000E+00 9.162849E+00
1.020408E+00 2.040816E-01 1.116834E+01
1.020408E+00 4.081633E-01 1.323650E+01
1.020408E+00 6.122449E-01 1.534828E+01
1.020408E+00 8.163265E-01 1.748697E+01
1.020408E+00 1.020408E+00 1.963813E+01
1.020408E+00 1.224490E+00 2.178930E+01
1.020408E+00 1.428571E+00 2.392936E+01
1.020408E+00 1.632653E+00 2.604804E+01
1.020408E+00 1.836735E+00 2.813542E+01
1.020408E+00 2.040816E+00 3.018153E+01
1.020408E+00 2.244898E+00 3.217599E+01
1.020408E+00 2.448980E+00 3.410779E+01
1.020408E+00 2.653061E+00 3.596506E+01
1.020408E+00 2.857143E+00 3.773502E+01
1.020408E+00 3.061224E+00 3.940390E+01
1.020408E+00 3.265306E+00 4.095710E+01
1.020408E+00 3.469388E+00 4.237934E+01
1.020408E+00 3.673469E+00 4.365497E+01
1.020408E+00 3.877551E+00 4.476844E+01
1.020408E+00 4.081633E+00 4.570473E+01
1.020408E+00 4.285714E+00 4.644999E+01
1.020408E+00 4.489796E+00 4.699209E+01
1.020408E+00 4.693878E+00 4.732123E+01
1.020408E+00 4.897959E+00 4.743037E+01
1.020408E+00 5.102041E+00 4.731567E+01
1.020408E+00 5.306122E+00 4.697661E+01
1.020408E+00 5.510204E+00 4.641599E+01
1.020408E+00 5.714286E+00 4.563980E+01
1.020408E+00 5.918367E+00 4.465675E+01
1.020408E+00 6.122449E+00 4.347787E+01
1.020408E+00 6.326531E+00 4.211588E+01
1.020408E+00 6.530612E+00 4.058457E+01
1.020408E+00 6.734694E+00 3.889826E+01
1.020408E+00 6.938776E+00 3.707125E+01
1.020408E+00 7.142857E+00 3.511737E+01
1.020408E+00 7.346939E+00 3.304968E+01
1.020408E+00 7.551020E+00 3.088024E+01
1.020408E+00 7.755102E+00 2.861995E+01
1.020408E+00 7.959184E+00 2.627858E+01
1.020408E+00 8.163265E+00 2.386479E+01
1.020408E+00 8.367347E+00 2.138624E+01
1.020408E+00 8.571429E+00 1.884979E+01
1.020408E+00 8.775510E+00 1.626170E+01
1.020408E+00 8.979592E+00 1.362792E+01
1.020408E+00 9.183673E+00 1.095439E+01
1.020408E+00 9.387755E+00 8.247381E+00
1.020408E+00 9.591837E+00 5.513868E+00
1.020408E+00 9.795918E+00 2.761762E+00
1.020408E+00 1.000000E+01 0.000000E+00

1.224490E+00 0.000000E+00 1.074552E+01
1.224490E+00 2.040816E-01 1.285146E+01
1.224490E+00 4.081633E-01 1.502400E+01
1.224490E+00 6.122449E-01 1.724728E+01
1.224490E+00 8.163265E-01 1.950677E+01
1.224490E+00 1.020408E+00 2.178930E+01
1.224490E+00 1.224490E+00 2.408295E+01
1.224490E+00 1.428571E+00 2.637659E+01
1.224490E+00 1.632653E+00 2.865955E+01
1.224490E+00 1.836735E+00 3.092114E+01
1.224490E+00 2.040816E+00 3.315029E+01
1.224490E+00 2.244898E+00 3.533523E+01
1.224490E+00 2.448980E+00 3.746317E+01
1.224490E+00 2.653061E+00 3.952013E+01
1.224490E+00 2.857143E+00 4.149075E+01
1.224490E+00 3.061224E+00 4.335835E+01
1.224490E+00 3.265306E+00 4.510495E+01
1.224490E+00 3.469388E+00 4.671157E+01
1.224490E+00 3.673469E+00 4.815858E+01
1.224490E+00 3.877551E+00 4.942625E+01
1.224490E+00 4.081633E+00 5.049541E+01
1.224490E+00 4.285714E+00 5.134826E+01
1.224490E+00 4.489796E+00 5.196912E+01
1.224490E+00 4.693878E+00 5.234528E+01
1.224490E+00 4.897959E+00 5.246761E+01
1.224490E+00 5.102041E+00 5.233112E+01
1.224490E+00 5.306122E+00 5.193520E+01
1.224490E+00 5.510204E+00 5.128362E+01
1.224490E+00 5.714286E+00 5.038423E+01
1.224490E+00 5.918367E+00 4.924850E+01
1.224490E+00 6.122449E+00 4.789079E+01
1.224490E+00 6.326531E+00 4.632756E+01
1.224490E+00 6.530612E+00 4.457657E+01
1.224490E+00 6.734694E+00 4.265607E+01
1.224490E+00 6.938776E+00 4.058412E+01
1.224490E+00 7.142857E+00 3.837804E+01
1.224490E+00 7.346939E+00 3.605399E+01
1.224490E+00 7.551020E+00 3.362671E+01
1.224490E+00 7.755102E+00 3.110939E+01
1.224490E+00 7.959184E+00 2.851364E+01
1.224490E+00 8.163265E+00 2.584959E+01
1.224490E+00 8.367347E+00 2.312603E+01
1.224490E+00 8.571429E+00 2.035061E+01
1.224490E+00 8.775510E+00 1.753010E+01
1.224490E+00 8.979592E+00 1.467068E+01
1.224490E+00 9.183673E+00 1.177820E+01
1.224490E+00 9.387755E+00 8.858539E+00
1.224490E+00 9.591837E+00 5.917817E+00
1.224490E+00 9.795918E+00 2.962613E+00
1.224490E+00 1.000000E+01 0.000000E+00

1.428571E+00 0.000000E+00 1.224490E+01
1.428571E+00 2.040816E-01 1.446798E+01
1.428571E+00 4.081633E-01 1.676076E+01
1.428571E+00 6.122449E-01 1.911008E+01
1.428571E+00 8.163265E-01 2.150351E+01
1.428571E+00 1.020408E+00 2.392936E+01
1.428571E+00 1.224490E+00 2.637659E+01
1.428571E+00 1.428571E+00 2.883451E+01
1.428571E+00 1.632653E+00 3.129242E+01
1.428571E+00 1.836735E+00 3.373926E+01
1.428571E+00 2.040816E+00 3.616322E+01
1.428571E+00 2.244898E+00 3.855139E+01
1.428571E+00 2.448980E+00 4.088942E+01
1.428571E+00 2.653061E+00 4.316130E+01
1.428571E+00 2.857143E+00 4.534918E+01
1.428571E+00 3.061224E+00 4.743328E+01
1.428571E+00 3.265306E+00 4.939204E+01
1.428571E+00 3.469388E+00 5.120239E+01
1.428571E+00 3.673469E+00 5.284014E+01
1.428571E+00 3.877551E+00 5.428077E+01
1.428571E+00 4.081633E+00 5.550021E+01
1.428571E+00 4.285714E+00 5.647592E+01
1.428571E+00 4.489796E+00 5.718793E+01
1.428571E+00 4.693878E+00 5.761996E+01
1.428571E+00 4.897959E+00 5.776034E+01
1.428571E+00 5.102041E+00 5.760268E+01
1.428571E+00 5.306122E+00 5.714628E+01
1.428571E+00 5.510204E+00 5.639611E+01
1.428571E+00 5.714286E+00 5.536242E+01
1.428571E+00 5.918367E+00 5.406004E+01
1.428571E+00 6.122449E+00 5.250743E+01
1.428571E+00 6.326531E+00 5.072562E+01
1.428571E+00 6.530612E+00 4.873705E+01
1.428571E+00 6.734694E+00 4.656459E+01
1.428571E+00 6.938776E+00 4.423062E+01
1.428571E+00 7.142857E+00 4.175635E+01
1.428571E+00 7.346939E+00 3.916132E+01
1.428571E+00 7.551020E+00 3.646311E+01
1.428571E+00 7.755102E+00 3.367718E+01
1.428571E+00 7.959184E+00 3.081696E+01
1.428571E+00 8.163265E+00 2.789388E+01
1.428571E+00 8.367347E+00 2.491766E+01
1.428571E+00 8.571429E+00 2.189650E+01
1.428571E+00 8.775510E+00 1.883741E+01
1.428571E+00 8.979592E+00 1.574648E+01
1.428571E+00 9.183673E+00 1.262920E+01
1.428571E+00 9.387755E+00 9.490758E+00
1.428571E+00 9.591837E+00 6.336247E+00
1.428571E+00 9.795918E+00 3.170872E+00
1.428571E+00 1.000000E+01 0.000000E+00

1.632653E+00 0.000000E+00 1.366097E+01
1.632653E+00 2.040816E-01 1.601480E+01
1.632653E+00 4.081633E-01 1.844098E+01
1.632653E+00 6.122449E-01 2.092878E+01
1.632653E+00 8.163265E-01 2.346783E+01
1.632653E+00 1.020408E+00 2.604804E+01
1.632653E+00 1.224490E+00 2.865955E+01
1.632653E+00 1.428571E+00 3.129242E+01
1.632653E+00 1.632653E+00 3.393633E+01
1.632653E+00 1.836735E+00 3.658021E+01
1.632653E+00 2.040816E+00 3.921186E+01
1.632653E+00 2.244898E+00 4.181753E+01
1.632653E+00 2.448980E+00 4.438155E+01
1.632653E+00 2.653061E+00 4.688604E+01
1.632653E+00 2.857143E+00 4.931066E+01
1.632653E+00 3.061224E+00 5.163245E+01
1.632653E+00 3.265306E+00 5.382599E+01
1.632653E+00 3.469388E+00 5.586359E+01
1.632653E+00 3.673469E+00 5.771589E+01
1.632653E+00 3.877551E+00 5.935271E+01
1.632653E+00 4.081633E+00 6.074411E+01
1.632653E+00 4.285714E+00 6.186179E+01
1.632653E+00 4.489796E+00 6.268050E+01
1.632653E+00 4.693878E+00 6.317955E+01
1.632653E+00 4.897959E+00 6.334406E+01
1.632653E+00 5.102041E+00 6.316593E+01
1.632653E+00 5.306122E+00 6.264438E+01
1.632653E+00 5.510204E+00 6.178591E+01
1.632653E+00 5.714286E+00 6.060381E+01
1.632653E+00 5.918367E+00 5.911716E+01
1.632653E+00 6.122449E+00 5.734952E+01
1.632653E+00 6.326531E+00 5.532750E+01
1.632653E+00 6.530612E+00 5.307923E+01
1.632653E+00 6.734694E+00 5.063304E+01
1.632653E+00 6.938776E+00 4.801633E+01
1.632653E+00 7.142857E+00 4.525470E+01
1.632653E+00 7.346939E+00 4.237139E+01
1.632653E+00 7.551020E+00 3.938693E+01
1.632653E+00 7.755102E+00 3.631912E+01
1.632653E+00 7.959184E+00 3.318303E+01
1.632653E+00 8.163265E+00 2.999127E+01
1.632653E+00 8.367347E+00 2.675421E+01
1.632653E+00 8.571429E+00 2.348032E+01
1.632653E+00 8.775510E+00 2.017655E+01
1.632653E+00 8.979592E+00 1.684862E+01
1.632653E+00 9.183673E+00 1.350137E+01
1.632653E+00 9.387755E+00 1.013904E+01
1.632653E+00 9.591837E+00 6.765543E+00
1.632653E+00 9.795918E+00 3.384627E+00
1.632653E+00 1.000000E+01 0.000000E+00

1.836735E+00 0.000000E+00 1.499375E+01
1.836735E+00 2.040816E-01 1.748926E+01
1.836735E+00 4.081633E-01 2.005956E+01
1.836735E+00 6.122449E-01 2.269625E+01
1.836735E+00 8.163265E-01 2.539097E+01
1.836735E+00 1.020408E+00 2.813542E+01
1.836735E+00 1.224490E+00 3.092114E+01
1.836735E+00 1.428571E+00 3.373926E+01
1.836735E+00 1.632653E+00 3.658021E+01
1.836735E+00 1.836735E+00 3.943331E+01
1.836735E+00 2.040816E+00 4.228631E+01
1.836735E+00 2.244898E+00 4.512498E+01
1.836735E+00 2.448980E+00 4.793265E+01
1.836735E+00 2.653061E+00 5.068975E+01
1.836735E+00 2.857143E+00 5.337350E+01
1.836735E+00 3.061224E+00 5.595770E+01
1.836735E+00 3.265306E+00 5.841269E+01
1.836735E+00 3.469388E+00 6.070563E+01
1.836735E+00 3.673469E+00 6.280118E+01
1.836735E+00 3.877551E+00 6.466241E+01
1.836735E+00 4.081633E+00 6.625231E+01
1.836735E+00 4.285714E+00 6.753548E+01
1.836735E+00 4.489796E+00 6.848012E+01
1.836735E+00 4.693878E+00 6.905997E+01
1.836735E+00 4.897959E+00 6.925612E+01
1.836735E+00 5.102041E+00 6.905831E+01
1.836735E+00 5.306122E+00 6.846567E+01
1.836735E+00 5.510204E+00 6.748673E+01
1.836735E+00 5.714286E+00 6.613863E+01
1.836735E+00 5.918367E+00 6.444584E+01
1.836735E+00 6.122449E+00 6.243835E+01
1.836735E+00 6.326531E+00 6.014966E+01
1.836735E+00 6.530612E+00 5.761486E+01
1.836735E+00 6.734694E+00 5.486882E+01
1.836735E+00 6.938776E+00 5.194477E+01
1.836735E+00 7.142857E+00 4.887330E+01
1.836735E+00 7.346939E+00 4.568167E+01
1.836735E+00 7.551020E+00 4.239356E+01
1.836735E+00 7.755102E+00 3.902900E+01
1.836735E+00 7.959184E+00 3.560461E+01
1.836735E+00 8.163265E+00 3.213386E+01
1.836735E+00 8.367347E+00 2.862752E+01
1.836735E+00 8.571429E+00 2.509400E+01
1.836735E+00 8.775510E+00 2.153985E+01
1.836735E+00 8.979592E+00 1.797009E+01
1.836735E+00 9.183673E+00 1.438861E+01
1.836735E+00 9.387755E+00 1.079849E+01
1.836735E+00 9.591837E+00 7.202258E+00
1.836735E+00 9.795918E+00 3.602092E+00
1.836735E+00 1.000000E+01 0.000000E+00

2.040816E+00 0.000000E+00 1.624323E+01
2.040816E+00 2.040816E-01 1.888891E+01
2.040816E+00 4.081633E-01 2.161177E+01
2.040816E+00 6.122449E-01 2.440567E+01
2.040816E+00 8.163265E-01 2.726439E+01
2.040816E+00 1.020408E+00 3.018153E+01
2.040816E+00 1.224490E+00 3.315029E+01
2.040816E+00 1.428571E+00 3.616322E+01
2.040816E+00 1.632653E+00 3.921186E+01
2.040816E+00 1.836735E+00 4.228631E+01
2.040816E+00 2.040816E+00 4.537473E+01
2.040816E+00 2.244898E+00 4.846282E+01
2.040816E+00 2.448980E+00 5.153323E+01
2.040816E+00 2.653061E+00 5.456502E+01
2.040816E+00 2.857143E+00 5.753310E+01
2.040816E+00 3.061224E+00 6.040789E+01
2.040816E+00 3.265306E+00 6.315520E+01
2.040816E+00 3.469388E+00 6.573642E+01
2.040816E+00 3.673469E+00 6.810916E+01
2.040816E+00 3.877551E+00 7.022854E+01
2.040816E+00 4.081633E+00 7.204889E+01
2.040816E+00 4.285714E+00 7.352604E+01
2.040816E+00 4.489796E+00 7.461997E+01
2.040816E+00 4.693878E+00 7.529740E+01
2.040816E+00 4.897959E+00 7.553431E+01
2.040816E+00 5.102041E+00 7.531768E+01
2.040816E+00 5.306122E+00 7.464659E+01
2.040816E+00 5.510204E+00 7.353214E+01
2.040816E+00 5.714286E+00 7.199646E+01
2.040816E+00 5.918367E+00 7.007088E+01
2.040816E+00 6.122449E+00 6.779346E+01
2.040816E+00 6.326531E+00 6.520634E+01
2.040816E+00 6.530612E+00 6.235307E+01
2.040816E+00 6.734694E+00 5.927639E+01
2.040816E+00 6.938776E+00 5.601637E+01
2.040816E+00 7.142857E+00 5.260924E+01
2.040816E+00 7.346939E+00 4.908667E+01
2.040816E+00 7.551020E+00 4.547555E+01
2.040816E+00 7.755102E+00 4.179809E+01
2.040816E+00 7.959184E+00 3.807218E+01
2.040816E+00 8.163265E+00 3.431187E+01
2.040816E+00 8.367347E+00 3.052790E+01
2.040816E+00 8.571429E+00 2.672827E+01
2.040816E+00 8.775510E+00 2.291873E+01
2.040816E+00 8.979592E+00 1.910326E+01
2.040816E+00 9.183673E+00 1.528449E+01
2.040816E+00 9.387755E+00 1.146406E+01
2.040816E+00 9.591837E+00 7.642902E+00
2.040816E+00 9.795918E+00 3.821484E+00
2.040816E+00 1.000000E+01 0.000000E+00

2.244898E+00 0.000000E+00 1.740941E+01
2.244898E+00 2.040816E-01 2.021139E+01
2.244898E+00 4.081633E-01 2.309294E+01
2.244898E+00 6.122449E-01 2.605026E+01
2.244898E+00 8.163265E-01 2.907938E+01
2.244898E+00 1.020408E+00 3.217599E+01
2.244898E+00 1.224490E+00 3.533523E+01
2.244898E+00 1.428571E+00 3.855139E+01
2.244898E+00 1.632653E+00 4.181753E+01
2.244898E+00 1.836735E+00 4.512498E+01
2.244898E+00 2.040816E+00 4.846282E+01
2.244898E+00 2.244898E+00 5.181715E+01
2.244898E+00 2.448980E+00 5.517043E+01
2.244898E+00 2.653061E+00 5.850067E+01
2.244898E+00 2.857143E+00 6.178071E+01
2.244898E+00 3.061224E+00 6.497758E+01
2.244898E+00 3.265306E+00 6.805222E+01
2.244898E+00 3.469388E+00 7.095947E+01
2.244898E+00 3.673469E+00 7.364884E+01
2.244898E+00 3.877551E+00 7.606587E+01
2.244898E+00 4.081633E+00 7.815438E+01
2.244898E+00 4.285714E+00 7.985935E+01
2.244898E+00 4.489796E+00 8.113043E+01
2.244898E+00 4.693878E+00 8.192551E+01
2.244898E+00 4.897959E+00 8.221404E+01
2.244898E+00 5.102041E+00 8.197954E+01
2.244898E+00 5.306122E+00 8.122101E+01
2.244898E+00 5.510204E+00 7.995289E+01
2.244898E+00 5.714286E+00 7.820370E+01
2.244898E+00 5.918367E+00 7.601347E+01
2.244898E+00 6.122449E+00 7.343045E+01
2.244898E+00 6.326531E+00 7.050748E+01
2.244898E+00 6.530612E+00 6.729851E+01
2.244898E+00 6.734694E+00 6.385568E+01
2.244898E+00 6.938776E+00 6.022709E+01
2.244898E+00 7.142857E+00 5.645535E+01
2.244898E+00 7.346939E+00 5.257689E+01
2.244898E+00 7.551020E+00 4.862186E+01
2.244898E+00 7.755102E+00 4.461446E+01
2.244898E+00 7.959184E+00 4.057350E+01
2.244898E+00 8.163265E+00 3.651318E+01
2.244898E+00 8.367347E+00 3.244378E+01
2.244898E+00 8.571429E+00 2.837237E+01
2.244898E+00 8.775510E+00 2.430349E+01
2.244898E+00 8.979592E+00 2.023970E+01
2.244898E+00 9.183673E+00 1.618202E+01
2.244898E+00 9.387755E+00 1.213035E+01
2.244898E+00 9.591837E+00 8.083805E+00
2.244898E+00 9.795918E+00 4.040942E+00
2.244898E+00 1.000000E+01 0.000000E+00

2.448980E+00 0.000000E+00 1.849229E+01
2.448980E+00 2.040816E-01 2.145429E+01
2.448980E+00 4.081633E-01 2.449832E+01
2.448980E+00 6.122449E-01 2.762305E+01
2.448980E+00 8.163265E-01 3.082687E+01
2.448980E+00 1.020408E+00 3.410779E+01
2.448980E+00 1.224490E+00 3.746317E+01
2.448980E+00 1.428571E+00 4.088942E+01
2.448980E+00 1.632653E+00 4.438155E+01
2.448980E+00 1.836735E+00 4.793265E+01
2.448980E+00 2.040816E+00 5.153323E+01
2.448980E+00 2.244898E+00 5.517043E+01
2.448980E+00 2.448980E+00 5.882705E+01
2.448980E+00 2.653061E+00 6.248057E+01
2.448980E+00 2.857143E+00 6.610205E+01
2.448980E+00 3.061224E+00 6.965523E+01
2.448980E+00 3.265306E+00 7.309581E+01
2.448980E+00 3.469388E+00 7.637139E+01
2.448980E+00 3.673469E+00 7.942202E+01
2.448980E+00 3.877551E+00 8.218188E+01
2.448980E+00 4.081633E+00 8.458200E+01
2.448980E+00 4.285714E+00 8.655401E+01
2.448980E+00 4.489796E+00 8.803470E+01
2.448980E+00 4.693878E+00 8.897085E+01
2.448980E+00 4.897959E+00 8.932367E+01
2.448980E+00 5.102041E+00 8.907231E+01
2.448980E+00 5.306122E+00 8.821570E+01
2.448980E+00 5.510204E+00 8.677254E+01
2.448980E+00 5.714286E+00 8.477945E+01
2.448980E+00 5.918367E+00 8.228746E+01
2.448980E+00 6.122449E+00 7.935754E+01
2.448980E+00 6.326531E+00 7.605578E+01
2.448980E+00 6.530612E+00 7.244878E+01
2.448980E+00 6.734694E+00 6.859995E+01
2.448980E+00 6.938776E+00 6.456668E+01
2.448980E+00 7.142857E+00 6.039876E+01
2.448980E+00 7.346939E+00 5.613773E+01
2.448980E+00 7.551020E+00 5.181694E+01
2.448980E+00 7.755102E+00 4.746227E+01
2.448980E+00 7.959184E+00 4.309302E+01
2.448980E+00 8.163265E+00 3.872296E+01
2.448980E+00 8.367347E+00 3.436133E+01
2.448980E+00 8.571429E+00 3.001377E+01
2.448980E+00 8.775510E+00 2.568310E+01
2.448980E+00 8.979592E+00 2.137000E+01
2.448980E+00 9.183673E+00 1.707352E+01
2.448980E+00 9.387755E+00 1.279152E+01
2.448980E+00 9.591837E+00 8.521020E+00
2.448980E+00 9.795918E+00 4.258479E+00
2.448980E+00 1.000000E+01 0.000000E+00

2.653061E+00 0.000000E+00 1.949188E+01
2.653061E+00 2.040816E-01 2.261514E+01
2.653061E+00 4.081633E-01 2.582302E+01
2.653061E+00 6.122449E-01 2.911673E+01
2.653061E+00 8.163265E-01 3.249723E+01
2.653061E+00 1.020408E+00 3.596506E+01
2.653061E+00 1.224490E+00 3.952013E+01
2.653061E+00 1.428571E+00 4.316130E+01
2.653061E+00 1.632653E+00 4.688604E+01
2.653061E+00 1.836735E+00 5.068975E+01
2.653061E+00 2.040816E+00 5.456502E+01
2.653061E+00 2.244898E+00 5.850067E+01
2.653061E+00 2.448980E+00 6.248057E+01
2.653061E+00 2.653061E+00 6.648226E+01
2.653061E+00 2.857143E+00 7.047551E+01
2.653061E+00 3.061224E+00 7.442090E+01
2.653061E+00 3.265306E+00 7.826869E+01
2.653061E+00 3.469388E+00 8.195840E+01
2.653061E+00 3.673469E+00 8.541923E+01
2.653061E+00 3.877551E+00 8.857195E+01
2.653061E+00 4.081633E+00 9.133221E+01
2.653061E+00 4.285714E+00 9.361533E+01
2.653061E+00 4.489796E+00 9.534228E+01
2.653061E+00 4.693878E+00 9.644600E+01
2.653061E+00 4.897959E+00 9.687746E+01
2.653061E+00 5.102041E+00 9.661031E+01
2.653061E+00 5.306122E+00 9.564341E+01
2.653061E+00 5.510204E+00 9.400087E+01
2.653061E+00 5.714286E+00 9.172944E+01
2.653061E+00 5.918367E+00 8.889385E+01
2.653061E+00 6.122449E+00 8.557080E+01
2.653061E+00 6.326531E+00 8.184257E+01
2.653061E+00 6.530612E+00 7.779104E+01
2.653061E+00 6.734694E+00 7.349291E+01
2.653061E+00 6.938776E+00 6.901635E+01
2.653061E+00 7.142857E+00 6.441911E+01
2.653061E+00 7.346939E+00 5.974807E+01
2.653061E+00 7.551020E+00 5.503967E+01
2.653061E+00 7.755102E+00 5.032104E+01
2.653061E+00 7.959184E+00 4.561132E+01
2.653061E+00 8.163265E+00 4.092321E+01
2.653061E+00 8.367347E+00 3.626425E+01
2.653061E+00 8.571429E+00 3.163800E+01
2.653061E+00 8.775510E+00 2.704502E+01
2.653061E+00 8.979592E+00 2.248363E+01
2.653061E+00 9.183673E+00 1.795051E+01
2.653061E+00 9.387755E+00 1.344117E+01
2.653061E+00 9.591837E+00 8.950273E+00
2.653061E+00 9.795918E+00 4.471953E+00
2.653061E+00 1.000000E+01 0.000000E+00

2.857143E+00 0.000000E+00 2.040816E+01
2.857143E+00 2.040816E-01 2.369138E+01
2.857143E+00 4.081633E-01 2.706189E+01
2.857143E+00 6.122449E-01 3.052360E+01
2.857143E+00 8.163265E-01 3.408021E+01
2.857143E+00 1.020408E+00 3.773502E+01
2.857143E+00 1.224490E+00 4.149075E+01
2.857143E+00 1.428571E+00 4.534918E+01
2.857143E+00 1.632653E+00 4.931066E+01
2.857143E+00 1.836735E+00 5.337350E+01
2.857143E+00 2.040816E+00 5.753310E+01
2.857143E+00 2.244898E+00 6.178071E+01
2.857143E+00 2.448980E+00 6.610205E+01
2.857143E+00 2.653061E+00 7.047551E+01
2.857143E+00 2.857143E+00 7.487014E+01
2.857143E+00 3.061224E+00 7.924367E+01
2.857143E+00 3.265306E+00 8.354077E+01
2.857143E+00 3.469388E+00 8.769209E+01
2.857143E+00 3.673469E+00 9.161454E+01
2.857143E+00 3.877551E+00 9.521324E+01
2.857143E+00 4.081633E+00 9.838561E+01
2.857143E+00 4.285714E+00 1.010274E+02
2.857143E+00 4.489796E+00 1.030403E+02
2.857143E+00 4.693878E+00 1.043404E+02
2.857143E+00 4.897959E+00 1.048661E+02
2.857143E+00 5.102041E+00 1.045842E+02
2.857143E+00 5.306122E+00 1.034937E+02
2.857143E+00 5.510204E+00 1.016253E+02
2.857143E+00 5.714286E+00 9.903813E+01
2.857143E+00 5.918367E+00 9.581375E+01
2.857143E+00 6.122449E+00 9.204800E+01
2.857143E+00 6.326531E+00 8.784264E+01
2.857143E+00 6.530612E+00 8.329771E+01
2.857143E+00 6.734694E+00 7.850543E+01
2.857143E+00 6.938776E+00 7.354620E+01
2.857143E+00 7.142857E+00 6.848655E+01
2.857143E+00 7.346939E+00 6.337888E+01
2.857143E+00 7.551020E+00 5.826242E+01
2.857143E+00 7.755102E+00 5.316492E+01
2.857143E+00 7.959184E+00 4.810470E+01
2.857143E+00 8.163265E+00 4.309255E+01
2.857143E+00 8.367347E+00 3.813355E+01
2.857143E+00 8.571429E+00 3.322851E+01
2.857143E+00 8.775510E+00 2.837513E+01
2.857143E+00 8.979592E+00 2.356889E+01
2.857143E+00 9.183673E+00 1.880369E+01
2.857143E+00 9.387755E+00 1.407235E+01
2.857143E+00 9.591837E+00 9.366944E+00
2.857143E+00 9.795918E+00 4.679058E+00
2.857143E+00 1.000000E+01 0.000000E+00

3.061224E+00 0.000000E+00 2.124115E+01
3.061224E+00 2.040816E-01 2.468031E+01
3.061224E+00 4.081633E-01 2.820954E+01
3.061224E+00 6.122449E-01 3.183555E+01
3.061224E+00 8.163265E-01 3.556491E+01
3.061224E+00 1.020408E+00 3.940390E+01
3.061224E+00 1.224490E+00 4.335835E+01
3.061224E+00 1.428571E+00 4.743328E+01
3.061224E+00 1.632653E+00 5.163245E+01
3.061224E+00 1.836735E+00 5.595770E+01
3.061224E+00 2.040816E+00 6.040789E+01
3.061224E+00 2.244898E+00 6.497758E+01
3.061224E+00 2.448980E+00 6.965523E+01
3.061224E+00 2.653061E+00 7.442090E+01
3.061224E+00 2.857143E+00 7.924367E+01
3.061224E+00 3.061224E+00 8.407885E+01
3.061224E+00 3.265306E+00 8.886549E+01
3.061224E+00 3.469388E+00 9.352471E+01
3.061224E+00 3.673469E+00 9.795965E+01
3.061224E+00 3.877551E+00 1.020576E+02
3.061224E+00 4.081633E+00 1.056946E+02
3.061224E+00 4.285714E+00 1.087434E+02
3.061224E+00 4.489796E+00 1.110829E+02
3.061224E+00 4.693878E+00 1.126090E+02
3.061224E+00 4.897959E+00 1.132451E+02
3.061224E+00 5.102041E+00 1.129498E+02
3.061224E+00 5.306122E+00 1.117219E+02
3.061224E+00 5.510204E+00 1.096003E+02
3.061224E+00 5.714286E+00 1.066591E+02
3.061224E+00 5.918367E+00 1.030000E+02
3.061224E+00 6.122449E+00 9.874150E+01
3.061224E+00 6.326531E+00 9.400836E+01
3.061224E+00 6.530612E+00 8.892177E+01
3.061224E+00 6.734694E+00 8.359177E+01
3.061224E+00 6.938776E+00 7.811246E+01
3.061224E+00 7.142857E+00 7.255981E+01
3.061224E+00 7.346939E+00 6.699179E+01
3.061224E+00 7.551020E+00 6.144999E+01
3.061224E+00 7.755102E+00 5.596212E+01
3.061224E+00 7.959184E+00 5.054474E+01
3.061224E+00 8.163265E+00 4.520591E+01
3.061224E+00 8.367347E+00 3.994744E+01
3.061224E+00 8.571429E+00 3.476664E+01
3.061224E+00 8.775510E+00 2.965777E+01
3.061224E+00 8.979592E+00 2.461296E+01
3.061224E+00 9.183673E+00 1.962295E+01
3.061224E+00 9.387755E+00 1.467758E+01
3.061224E+00 9.591837E+00 9.766080E+00
3.061224E+00 9.795918E+00 4.877330E+00
3.061224E+00 1.000000E+01 0.000000E+00

3.265306E+00 0.000000E+00 2.199084E+01
3.265306E+00 2.040816E-01 2.557917E+01
3.265306E+00 4.081633E-01 2.926040E+01
3.265306E+00 6.122449E-01 3.304412E+01
3.265306E+00 8.163265E-01 3.693988E+01
3.265306E+00 1.020408E+00 4.095710E+01
3.265306E+00 1.224490E+00 4.510495E+01
3.265306E+00 1.428571E+00 4.939204E+01
3.265306E+00 1.632653E+00 5.382599E+01
3.265306E+00 1.836735E+00 5.841269E+01
3.265306E+00 2.040816E+00 6.315520E+01
3.265306E+00 2.244898E+00 6.805222E+01
3.265306E+00 2.448980E+00 7.309581E+01
3.265306E+00 2.653061E+00 7.826869E+01
3.265306E+00 2.857143E+00 8.354077E+01
3.265306E+00 3.061224E+00 8.886549E+01
3.265306E+00 3.265306E+00 9.417638E+01
3.265306E+00 3.469388E+00 9.938454E+01
3.265306E+00 3.673469E+00 1.043780E+02
3.265306E+00 3.877551E+00 1.090240E+02
3.265306E+00 4.081633E+00 1.131747E+02
3.265306E+00 4.285714E+00 1.166761E+02
3.265306E+00 4.489796E+00 1.193807E+02
3.265306E+00 4.693878E+00 1.211611E+02
3.265306E+00 4.897959E+00 1.219228E+02
3.265306E+00 5.102041E+00 1.216152E+02
3.265306E+00 5.306122E+00 1.202371E+02
3.265306E+00 5.510204E+00 1.178366E+02
3.265306E+00 5.714286E+00 1.145054E+02
3.265306E+00 5.918367E+00 1.103686E+02
3.265306E+00 6.122449E+00 1.055709E+02
3.265306E+00 6.326531E+00 1.002637E+02
3.265306E+00 6.530612E+00 9.459214E+01
3.265306E+00 6.734694E+00 8.868619E+01
3.265306E+00 6.938776E+00 8.265496E+01
3.265306E+00 7.142857E+00 7.658442E+01
3.265306E+00 7.346939E+00 7.053799E+01
3.265306E+00 7.551020E+00 6.455908E+01
3.265306E+00 7.755102E+00 5.867453E+01
3.265306E+00 7.959184E+00 5.289825E+01
3.265306E+00 8.163265E+00 4.723466E+01
3.265306E+00 8.367347E+00 4.168145E+01
3.265306E+00 8.571429E+00 3.623177E+01
3.265306E+00 8.775510E+00 3.087583E+01
3.265306E+00 8.979592E+00 2.560198E+01
3.265306E+00 9.183673E+00 2.039748E+01
3.265306E+00 9.387755E+00 1.524889E+01
3.265306E+00 9.591837E+00 1.014245E+01
3.265306E+00 9.795918E+00 5.064174E+00
3.265306E+00 1.000000E+01 0.000000E+00

3.469388E+00 0.000000E+00 2.265723E+01
3.469388E+00 2.040816E-01 2.638512E+01
3.469388E+00 4.081633E-01 3.020874E+01
3.469388E+00 6.122449E-01 3.414058E+01
3.469388E+00 8.163265E-01 3.819323E+01
3.469388E+00 1.020408E+00 4.237934E+01
3.469388E+00 1.224490E+00 4.671157E+01
3.469388E+00 1.428571E+00 5.120239E+01
3.469388E+00 1.632653E+00 5.586359E+01
3.469388E+00 1.836735E+00 6.070563E+01
3.469388E+00 2.040816E+00 6.573642E+01
3.469388E+00 2.244898E+00 7.095947E+01
3.469388E+00 2.448980E+00 7.637139E+01
3.469388E+00 2.653061E+00 8.195840E+01
3.469388E+00 2.857143E+00 8.769209E+01
3.469388E+00 3.061224E+00 9.352471E+01
3.469388E+00 3.265306E+00 9.938454E+01
3.469388E+00 3.469388E+00 1.051723E+02
3.469388E+00 3.673469E+00 1.107601E+02
3.469388E+00 3.877551E+00 1.159932E+02
3.469388E+00 4.081633E+00 1.206972E+02
3.469388E+00 4.285714E+00 1.246887E+02
3.469388E+00 4.489796E+00 1.277906E+02
3.469388E+00 4.693878E+00 1.298489E+02
3.469388E+00 4.897959E+00 1.307495E+02
3.469388E+00 5.102041E+00 1.304310E+02
3.469388E+00 5.306122E+00 1.288920E+02
3.469388E+00 5.510204E+00 1.261913E+02
3.469388E+00 5.714286E+00 1.224406E+02
3.469388E+00 5.918367E+00 1.177911E+02
3.469388E+00 6.122449E+00 1.124172E+02
3.469388E+00 6.326531E+00 1.064997E+02
3.469388E+00 6.530612E+00 1.002102E+02
3.469388E+00 6.734694E+00 9.370043E+01
3.469388E+00 6.938776E+00 8.709555E+01
3.469388E+00 7.142857E+00 8.049178E+01
3.469388E+00 7.346939E+00 7.395777E+01
3.469388E+00 7.551020E+00 6.753809E+01
3.469388E+00 7.755102E+00 6.125787E+01
3.469388E+00 7.959184E+00 5.512748E+01
3.469388E+00 8.163265E+00 4.914682E+01
3.469388E+00 8.367347E+00 4.330874E+01
3.469388E+00 8.571429E+00 3.760158E+01
3.469388E+00 8.775510E+00 3.201105E+01
3.469388E+00 8.979592E+00 2.652134E+01
3.469388E+00 9.183673E+00 2.111594E+01
3.469388E+00 9.387755E+00 1.577801E+01
3.469388E+00 9.591837E+00 1.049063E+01
3.469388E+00 9.795918E+00 5.236907E+00
3.469388E+00 1.000000E+01 0.000000E+00

3.673469E+00 0.000000E+00 2.324032E+01
3.673469E+00 2.040816E-01 2.709532E+01
3.673469E+00 4.081633E-01 3.104883E+01
3.673469E+00 6.122449E-01 3.511616E+01
3.673469E+00 8.163265E-01 3.931291E+01
3.673469E+00 1.020408E+00 4.365497E+01
3.673469E+00 1.224490E+00 4.815858E+01
3.673469E+00 1.428571E+00 5.284014E+01
3.673469E+00 1.632653E+00 5.771589E+01
3.673469E+00 1.836735E+00 6.280118E+01
3.673469E+00 2.040816E+00 6.810916E+01
3.673469E+00 2.244898E+00 7.364884E+01
3.673469E+00 2.448980E+00 7.942202E+01
3.673469E+00 2.653061E+00 8.541923E+01
3.673469E+00 2.857143E+00 9.161454E+01
3.673469E+00 3.061224E+00 9.795965E+01
3.673469E+00 3.265306E+00 1.043780E+02
3.673469E+00 3.469388E+00 1.107601E+02
3.673469E+00 3.673469E+00 1.169612E+02
3.673469E+00 3.877551E+00 1.228040E+02
3.673469E+00 4.081633E+00 1.280855E+02
3.673469E+00 4.285714E+00 1.325908E+02
3.673469E+00 4.489796E+00 1.361107E+02
3.673469E+00 4.693878E+00 1.384628E+02
3.673469E+00 4.897959E+00 1.395112E+02
3.673469E+00 5.102041E+00 1.391830E+02
3.673469E+00 5.306122E+00 1.374767E+02
3.673469E+00 5.510204E+00 1.344628E+02
3.673469E+00 5.714286E+00 1.302744E+02
3.673469E+00 5.918367E+00 1.250912E+02
3.673469E+00 6.122449E+00 1.191197E+02
3.673469E+00 6.326531E+00 1.125721E+02
3.673469E+00 6.530612E+00 1.056483E+02
3.673469E+00 6.734694E+00 9.852308E+01
3.673469E+00 6.938776E+00 9.133794E+01
3.673469E+00 7.142857E+00 8.419944E+01
3.673469E+00 7.346939E+00 7.718103E+01
3.673469E+00 7.551020E+00 7.032779E+01
3.673469E+00 7.755102E+00 6.366235E+01
3.673469E+00 7.959184E+00 5.719078E+01
3.673469E+00 8.163265E+00 5.090774E+01
3.673469E+00 8.367347E+00 4.480064E+01
3.673469E+00 8.571429E+00 3.885258E+01
3.673469E+00 8.775510E+00 3.304440E+01
3.673469E+00 8.979592E+00 2.735592E+01
3.673469E+00 9.183673E+00 2.176672E+01
3.673469E+00 9.387755E+00 1.625648E+01
3.673469E+00 9.591837E+00 1.080511E+01
3.673469E+00 9.795918E+00 5.392816E+00
3.673469E+00 1.000000E+01 0.000000E+00

3.877551E+00 0.000000E+00 2.374011E+01
3.877551E+00 2.040816E-01 2.770702E+01
3.877551E+00 4.081633E-01 3.177504E+01
3.877551E+00 6.122449E-01 3.596222E+01
3.877551E+00 8.163265E-01 4.028701E+01
3.877551E+00 1.020408E+00 4.476844E+01
3.877551E+00 1.224490E+00 4.942625E+01
3.877551E+00 1.428571E+00 5.428077E+01
3.877551E+00 1.632653E+00 5.935271E+01
3.877551E+00 1.836735E+00 6.466241E+01
3.877551E+00 2.040816E+00 7.022854E+01
3.877551E+00 2.244898E+00 7.606587E+01
3.877551E+00 2.448980E+00 8.218188E+01
3.877551E+00 2.653061E+00 8.857195E+01
3.877551E+00 2.857143E+00 9.521324E+01
3.877551E+00 3.061224E+00 1.020576E+02
3.877551E+00 3.265306E+00 1.090240E+02
3.877551E+00 3.469388E+00 1.159932E+02
3.877551E+00 3.673469E+00 1.228040E+02
3.877551E+00 3.877551E+00 1.292557E+02
3.877551E+00 4.081633E+00 1.351167E+02
3.877551E+00 4.285714E+00 1.401394E+02
3.877551E+00 4.489796E+00 1.440817E+02
3.877551E+00 4.693878E+00 1.467316E+02
3.877551E+00 4.897959E+00 1.479308E+02
3.877551E+00 5.102041E+00 1.475942E+02
3.877551E+00 5.306122E+00 1.457204E+02
3.877551E+00 5.510204E+00 1.423919E+02
3.877551E+00 5.714286E+00 1.377641E+02
3.877551E+00 5.918367E+00 1.320464E+02
3.877551E+00 6.122449E+00 1.254781E+02
3.877551E+00 6.326531E+00 1.183038E+02
3.877551E+00 6.530612E+00 1.107525E+02
3.877551E+00 6.734694E+00 1.030218E+02
3.877551E+00 6.938776E+00 9.526989E+01
3.877551E+00 7.142857E+00 8.761307E+01
3.877551E+00 7.346939E+00 8.012910E+01
3.877551E+00 7.551020E+00 7.286295E+01
3.877551E+00 7.755102E+00 6.583414E+01
3.877551E+00 7.959184E+00 5.904385E+01
3.877551E+00 8.163265E+00 5.248112E+01
3.877551E+00 8.367347E+00 4.612755E+01
3.877551E+00 8.571429E+00 3.996078E+01
3.877551E+00 8.775510E+00 3.395665E+01
3.877551E+00 8.979592E+00 2.809060E+01
3.877551E+00 9.183673E+00 2.233828E+01
3.877551E+00 9.387755E+00 1.667596E+01
3.877551E+00 9.591837E+00 1.108047E+01
3.877551E+00 9.795918E+00 5.529229E+00
3.877551E+00 1.000000E+01 0.000000E+00

4.081633E+00 0.000000E+00 2.415660E+01
4.081633E+00 2.040816E-01 2.821757E+01
4.081633E+00 4.081633E-01 3.238204E+01
4.081633E+00 6.122449E-01 3.667052E+01
4.081633E+00 8.163265E-01 4.110410E+01
4.081633E+00 1.020408E+00 4.570473E+01
4.081633E+00 1.224490E+00 5.049541E+01
4.081633E+00 1.428571E+00 5.550021E+01
4.081633E+00 1.632653E+00 6.074411E+01
4.081633E+00 1.836735E+00 6.625231E+01
4.081633E+00 2.040816E+00 7.204889E+01
4.081633E+00 2.244898E+00 7.815438E+01
4.081633E+00 2.448980E+00 8.458200E+01
4.081633E+00 2.653061E+00 9.133221E+01
4.081633E+00 2.857143E+00 9.838561E+01
4.081633E+00 3.061224E+00 1.056946E+02
4.081633E+00 3.265306E+00 1.131747E+02
4.081633E+00 3.469388E+00 1.206972E+02
4.081633E+00 3.673469E+00 1.280855E+02
4.081633E+00 3.877551E+00 1.351167E+02
4.081633E+00 4.081633E+00 1.415311E+02
4.081633E+00 4.285714E+00 1.470495E+02
4.081633E+00 4.489796E+00 1.513976E+02
4.081633E+00 4.693878E+00 1.543343E+02
4.081633E+00 4.897959E+00 1.556793E+02
4.081633E+00 5.102041E+00 1.553357E+02
4.081633E+00 5.306122E+00 1.533021E+02
4.081633E+00 5.510204E+00 1.496726E+02
4.081633E+00 5.714286E+00 1.446249E+02
4.081633E+00 5.918367E+00 1.383971E+02
4.081633E+00 6.122449E+00 1.312608E+02
4.081633E+00 6.326531E+00 1.234924E+02
4.081633E+00 6.530612E+00 1.153485E+02
4.081633E+00 6.734694E+00 1.070492E+02
4.081633E+00 6.938776E+00 9.876800E+01
4.081633E+00 7.142857E+00 9.063055E+01
4.081633E+00 7.346939E+00 8.271812E+01
4.081633E+00 7.551020E+00 7.507510E+01
4.081633E+00 7.755102E+00 6.771754E+01
4.081633E+00 7.959184E+00 6.064155E+01
4.081633E+00 8.163265E+00 5.383042E+01
4.081633E+00 8.367347E+00 4.726001E+01
4.081633E+00 8.571429E+00 4.090255E+01
4.081633E+00 8.775510E+00 3.472906E+01
4.081633E+00 8.979592E+00 2.871072E+01
4.081633E+00 9.183673E+00 2.281951E+01
4.081633E+00 9.387755E+00 1.702845E+01
4.081633E+00 9.591837E+00 1.131154E+01
4.081633E+00 9.795918E+00 5.643602E+00
4.081633E+00 1.000000E+01 0.000000E+00

4.285714E+00 0.000000E+00 2.448980E+01
4.285714E+00 2.040816E-01 2.862459E+01
4.285714E+00 4.081633E-01 3.286495E+01
4.285714E+00 6.122449E-01 3.723353E+01
4.285714E+00 8.163265E-01 4.175371E+01
4.285714E+00 1.020408E+00 4.644999E+01
4.285714E+00 1.224490E+00 5.134826E+01
4.285714E+00 1.428571E+00 5.647592E+01
4.285714E+00 1.632653E+00 6.186179E+01
4.285714E+00 1.836735E+00 6.753548E+01
4.285714E+00 2.040816E+00 7.352604E+01
4.285714E+00 2.244898E+00 7.985935E+01
4.285714E+00 2.448980E+00 8.655401E+01
4.285714E+00 2.653061E+00 9.361533E+01
4.285714E+00 2.857143E+00 1.010274E+02
4.285714E+00 3.061224E+00 1.087434E+02
4.285714E+00 3.265306E+00 1.166761E+02
4.285714E+00 3.469388E+00 1.246887E+02
4.285714E+00 3.673469E+00 1.325908E+02
4.285714E+00 3.877551E+00 1.401394E+02
4.285714E+00 4.081633E+00 1.470495E+02
4.285714E+00 4.285714E+00 1.530131E+02
4.285714E+00 4.489796E+00 1.577264E+02
4.285714E+00 4.693878E+00 1.609218E+02
4.285714E+00 4.897959E+00 1.623988E+02
4.285714E+00 5.102041E+00 1.620496E+02
4.285714E+00 5.306122E+00 1.598727E+02
4.285714E+00 5.510204E+00 1.559732E+02
4.285714E+00 5.714286E+00 1.505488E+02
4.285714E+00 5.918367E+00 1.438643E+02
4.285714E+00 6.122449E+00 1.362207E+02
4.285714E+00 6.326531E+00 1.279230E+02
4.285714E+00 6.530612E+00 1.192533E+02
4.285714E+00 6.734694E+00 1.104516E+02
4.285714E+00 6.938776E+00 1.017053E+02
4.285714E+00 7.142857E+00 9.314796E+01
4.285714E+00 7.346939E+00 8.486381E+01
4.285714E+00 7.551020E+00 7.689627E+01
4.285714E+00 7.755102E+00 6.925795E+01
4.285714E+00 7.959184E+00 6.194012E+01
4.285714E+00 8.163265E+00 5.492066E+01
4.285714E+00 8.367347E+00 4.817009E+01
4.285714E+00 8.571429E+00 4.165571E+01
4.285714E+00 8.775510E+00 3.534413E+01
4.285714E+00 8.979592E+00 2.920271E+01
4.285714E+00 9.183673E+00 2.320015E+01
4.285714E+00 9.387755E+00 1.730660E+01
4.285714E+00 9.591837E+00 1.149357E+01
4.285714E+00 9.795918E+00 5.733610E+00
4.285714E+00 1.000000E+01 0.000000E+00

4.489796E+00 0.000000E+00 2.473969E+01
4.489796E+00 2.040816E-01 2.892602E+01
4.489796E+00 4.081633E-01 3.321957E+01
4.489796E+00 6.122449E-01 3.764472E+01
4.489796E+00 8.163265E-01 4.222670E+01
4.489796E+00 1.020408E+00 4.699209E+01
4.489796E+00 1.224490E+00 5.196912E+01
4.489796E+00 1.428571E+00 5.718793E+01
4.489796E+00 1.632653E+00 6.268050E+01
4.489796E+00 1.836735E+00 6.848012E+01
4.489796E+00 2.040816E+00 7.461997E+01
4.489796E+00 2.244898E+00 8.113043E+01
4.489796E+00 2.448980E+00 8.803470E+01
4.489796E+00 2.653061E+00 9.534228E+01
4.489796E+00 2.857143E+00 1.030403E+02
4.489796E+00 3.061224E+00 1.110829E+02
4.489796E+00 3.265306E+00 1.193807E+02
4.489796E+00 3.469388E+00 1.277906E+02
4.489796E+00 3.673469E+00 1.361107E+02
4.489796E+00 3.877551E+00 1.440817E+02
4.489796E+00 4.081633E+00 1.513976E+02
4.489796E+00 4.285714E+00 1.577264E+02
4.489796E+00 4.489796E+00 1.627399E+02
4.489796E+00 4.693878E+00 1.661483E+02
4.489796E+00 4.897959E+00 1.677342E+02
4.489796E+00 5.102041E+00 1.673807E+02
4.489796E+00 5.306122E+00 1.650864E+02
4.489796E+00 5.510204E+00 1.609655E+02
4.489796E+00 5.714286E+00 1.552323E+02
4.489796E+00 5.918367E+00 1.481740E+02
4.489796E+00 6.122449E+00 1.401157E+02
4.489796E+00 6.326531E+00 1.313867E+02
4.489796E+00 6.530612E+00 1.222899E+02
4.489796E+00 6.734694E+00 1.130817E+02
4.489796E+00 6.938776E+00 1.039609E+02
4.489796E+00 7.142857E+00 9.506734E+01
4.489796E+00 7.346939E+00 8.648741E+01
4.489796E+00 7.551020E+00 7.826356E+01
4.489796E+00 7.755102E+00 7.040535E+01
4.489796E+00 7.959184E+00 6.289984E+01
4.489796E+00 8.163265E+00 5.572034E+01
4.489796E+00 8.367347E+00 4.883286E+01
4.489796E+00 8.571429E+00 4.220057E+01
4.489796E+00 8.775510E+00 3.578645E+01
4.489796E+00 8.979592E+00 2.955468E+01
4.489796E+00 9.183673E+00 2.347126E+01
4.489796E+00 9.387755E+00 1.750403E+01
4.489796E+00 9.591837E+00 1.162244E+01
4.489796E+00 9.795918E+00 5.797236E+00
4.489796E+00 1.000000E+01 0.000000E+00

4.693878E+00 0.000000E+00 2.490629E+01
4.693878E+00 2.040816E-01 2.912020E+01
4.693878E+00 4.081633E-01 3.344251E+01
4.693878E+00 6.122449E-01 3.789882E+01
4.693878E+00 8.163265E-01 4.251571E+01
4.693878E+00 1.020408E+00 4.732123E+01
4.693878E+00 1.224490E+00 5.234528E+01
4.693878E+00 1.428571E+00 5.761996E+01
4.693878E+00 1.632653E+00 6.317955E+01
4.693878E+00 1.836735E+00 6.905997E+01
4.693878E+00 2.040816E+00 7.529740E+01
4.693878E+00 2.244898E+00 8.192551E+01
4.693878E+00 2.448980E+00 8.897085E+01
4.693878E+00 2.653061E+00 9.644600E+01
4.693878E+00 2.857143E+00 1.043404E+02
4.693878E+00 3.061224E+00 1.126090E+02
4.693878E+00 3.265306E+00 1.211611E+02
4.693878E+00 3.469388E+00 1.298489E+02
4.693878E+00 3.673469E+00 1.384628E+02
4.693878E+00 3.877551E+00 1.467316E+02
4.693878E+00 4.081633E+00 1.543343E+02
4.693878E+00 4.285714E+00 1.609218E+02
4.693878E+00 4.489796E+00 1.661483E+02
4.693878E+00 4.693878E+00 1.697078E+02
4.693878E+00 4.897959E+00 1.713712E+02
4.693878E+00 5.102041E+00 1.710149E+02
4.693878E+00 5.306122E+00 1.686375E+02
4.693878E+00 5.510204E+00 1.643596E+02
4.693878E+00 5.714286E+00 1.584078E+02
4.693878E+00 5.918367E+00 1.510849E+02
4.693878E+00 6.122449E+00 1.427340E+02
4.693878E+00 6.326531E+00 1.337013E+02
4.693878E+00 6.530612E+00 1.243047E+02
4.693878E+00 6.734694E+00 1.148123E+02
4.693878E+00 6.938776E+00 1.054310E+02
4.693878E+00 7.142857E+00 9.630498E+01
4.693878E+00 7.346939E+00 8.752211E+01
4.693878E+00 7.551020E+00 7.912398E+01
4.693878E+00 7.755102E+00 7.111784E+01
4.693878E+00 7.959184E+00 6.348768E+01
4.693878E+00 8.163265E+00 5.620342E+01
4.693878E+00 8.367347E+00 4.922783E+01
4.693878E+00 8.571429E+00 4.252107E+01
4.693878E+00 8.775510E+00 3.604347E+01
4.693878E+00 8.979592E+00 2.975697E+01
4.693878E+00 9.183673E+00 2.362561E+01
4.693878E+00 9.387755E+00 1.761557E+01
4.693878E+00 9.591837E+00 1.169484E+01
4.693878E+00 9.795918E+00 5.832855E+00
4.693878E+00 1.000000E+01 0.000000E+00

4.897959E+00 0.000000E+00 2.498959E+01
4.897959E+00 2.040816E-01 2.920593E+01
4.897959E+00 4.081633E-01 3.353133E+01
4.897959E+00 6.122449E-01 3.799208E+01
4.897959E+00 8.163265E-01 4.261547E+01
4.897959E+00 1.020408E+00 4.743037E+01
4.897959E+00 1.224490E+00 5.246761E+01
4.897959E+00 1.428571E+00 5.776034E+01
4.897959E+00 1.632653E+00 6.334406E+01
4.897959E+00 1.836735E+00 6.925612E+01
4.897959E+00 2.040816E+00 7.553431E+01
4.897959E+00 2.244898E+00 8.221404E+01
4.897959E+00 2.448980E+00 8.932367E+01
4.897959E+00 2.653061E+00 9.687746E+01
4.897959E+00 2.857143E+00 1.048661E+02
4.897959E+00 3.061224E+00 1.132451E+02
4.897959E+00 3.265306E+00 1.219228E+02
4.897959E+00 3.469388E+00 1.307495E+02
4.897959E+00 3.673469E+00 1.395112E+02
4.897959E+00 3.877551E+00 1.479308E+02
4.897959E+00 4.081633E+00 1.556793E+02
4.897959E+00 4.285714E+00 1.623988E+02
4.897959E+00 4.489796E+00 1.677342E+02
4.897959E+00 4.693878E+00 1.713712E+02
4.897959E+00 4.897959E+00 1.730744E+02
4.897959E+00 5.102041E+00 1.727167E+02
4.897959E+00 5.306122E+00 1.702966E+02
4.897959E+00 5.510204E+00 1.659384E+02
4.897959E+00 5.714286E+00 1.598748E+02
4.897959E+00 5.918367E+00 1.524171E+02
4.897959E+00 6.122449E+00 1.439174E+02
4.897959E+00 6.326531E+00 1.347309E+02
4.897959E+00 6.530612E+00 1.251834E+02
4.897959E+00 6.734694E+00 1.155491E+02
4.897959E+00 6.938776E+00 1.060389E+02
4.897959E+00 7.142857E+00 9.679941E+01
4.897959E+00 7.346939E+00 8.791903E+01
4.897959E+00 7.551020E+00 7.943891E+01
4.897959E+00 7.755102E+00 7.136504E+01
4.897959E+00 7.959184E+00 6.367974E+01
4.897959E+00 8.163265E+00 5.635115E+01
4.897959E+00 8.367347E+00 4.934026E+01
4.897959E+00 8.571429E+00 4.260564E+01
4.897959E+00 8.775510E+00 3.610621E+01
4.897959E+00 8.979592E+00 2.980267E+01
4.897959E+00 9.183673E+00 2.365802E+01
4.897959E+00 9.387755E+00 1.763753E+01
4.897959E+00 9.591837E+00 1.170839E+01
4.897959E+00 9.795918E+00 5.839306E+00
4.897959E+00 1.000000E+01 0.000000E+00

5.102041E+00 0.000000E+00 2.498959E+01
5.102041E+00 2.040816E-01 2.918257E+01
5.102041E+00 4.081633E-01 3.348471E+01
5.102041E+00 6.122449E-01 3.792241E+01
5.102041E+00 8.163265E-01 4.252308E+01
5.102041E+00 1.020408E+00 4.731567E+01
5.102041E+00 1.224490E+00 5.233112E+01
5.102041E+00 1.428571E+00 5.760268E+01
5.102041E+00 1.632653E+00 6.316593E+01
5.102041E+00 1.836735E+00 6.905831E+01
5.102041E+00 2.040816E+00 7.531768E+01
5.102041E+00 2.244898E+00 8.197954E+01
5.102041E+00 2.448980E+00 8.907231E+01
5.102041E+00 2.653061E+00 9.661031E+01
5.102041E+00 2.857143E+00 1.045842E+02
5.102041E+00 3.061224E+00 1.129498E+02
5.102041E+00 3.265306E+00 1.216152E+02
5.102041E+00 3.469388E+00 1.304310E+02
5.102041E+00 3.673469E+00 1.391830E+02
5.102041E+00 3.877551E+00 1.475942E+02
5.102041E+00 4.081633E+00 1.553357E+02
5.102041E+00 4.285714E+00 1.620496E+02
5.102041E+00 4.489796E+00 1.673807E+02
5.102041E+00 4.693878E+00 1.710149E+02
5.102041E+00 4.897959E+00 1.727167E+02
5.102041E+00 5.102041E+00 1.723589E+02
5.102041E+00 5.306122E+00 1.699403E+02
5.102041E+00 5.510204E+00 1.655849E+02
5.102041E+00 5.714286E+00 1.595255E+02
5.102041E+00 5.918367E+00 1.520734E+02
5.102041E+00 6.122449E+00 1.435808E+02
5.102041E+00 6.326531E+00 1.344027E+02
5.102041E+00 6.530612E+00 1.248649E+02
5.102041E+00 6.734694E+00 1.152416E+02
5.102041E+00 6.938776E+00 1.057436E+02
5.102041E+00 7.142857E+00 9.651760E+01
5.102041E+00 7.346939E+00 8.765188E+01
5.102041E+00 7.551020E+00 7.918755E+01
5.102041E+00 7.755102E+00 7.113054E+01
5.102041E+00 7.959184E+00 6.346312E+01
5.102041E+00 8.163265E+00 5.615334E+01
5.102041E+00 8.367347E+00 4.916213E+01
5.102041E+00 8.571429E+00 4.244798E+01
5.102041E+00 8.775510E+00 3.596972E+01
5.102041E+00 8.979592E+00 2.968797E+01
5.102041E+00 9.183673E+00 2.356563E+01
5.102041E+00 9.387755E+00 1.756786E+01
5.102041E+00 9.591837E+00 1.166176E+01
5.102041E+00 9.795918E+00 5.815940E+00
5.102041E+00 1.000000E+01 0.000000E+00

5.306122E+00 0.000000E+00 2.490629E+01
5.306122E+00 2.040816E-01 2.904999E+01
5.306122E+00 4.081633E-01 3.330242E+01
5.306122E+00 6.122449E-01 3.768949E+01
5.306122E+00 8.163265E-01 4.223811E+01
5.306122E+00 1.020408E+00 4.697661E+01
5.306122E+00 1.224490E+00 5.193520E+01
5.306122E+00 1.428571E+00 5.714628E+01
5.306122E+00 1.632653E+00 6.264438E+01
5.306122E+00 1.836735E+00 6.846567E+01
5.306122E+00 2.040816E+00 7.464659E+01
5.306122E+00 2.244898E+00 8.122101E+01
5.306122E+00 2.448980E+00 8.821570E+01
5.306122E+00 2.653061E+00 9.564341E+01
5.306122E+00 2.857143E+00 1.034937E+02
5.306122E+00 3.061224E+00 1.117219E+02
5.306122E+00 3.265306E+00 1.202371E+02
5.306122E+00 3.469388E+00 1.288920E+02
5.306122E+00 3.673469E+00 1.374767E+02
5.306122E+00 3.877551E+00 1.457204E+02
5.306122E+00 4.081633E+00 1.533021E+02
5.306122E+00 4.285714E+00 1.598727E+02
5.306122E+00 4.489796E+00 1.650864E+02
5.306122E+00 4.693878E+00 1.686375E+02
5.306122E+00 4.897959E+00 1.702966E+02
5.306122E+00 5.102041E+00 1.699403E+02
5.306122E+00 5.306122E+00 1.675671E+02
5.306122E+00 5.510204E+00 1.632977E+02
5.306122E+00 5.714286E+00 1.573586E+02
5.306122E+00 5.918367E+00 1.500527E+02
5.306122E+00 6.122449E+00 1.417228E+02
5.306122E+00 6.326531E+00 1.327152E+02
5.306122E+00 6.530612E+00 1.233477E+02
5.306122E+00 6.734694E+00 1.138884E+02
5.306122E+00 6.938776E+00 1.045439E+02
5.306122E+00 7.142857E+00 9.545836E+01
5.306122E+00 7.346939E+00 8.671953E+01
5.306122E+00 7.551020E+00 7.836883E+01
5.306122E+00 7.755102E+00 7.041334E+01
5.306122E+00 7.959184E+00 6.283686E+01
5.306122E+00 8.163265E+00 5.560912E+01
5.306122E+00 8.367347E+00 4.869265E+01
5.306122E+00 8.571429E+00 4.204738E+01
5.306122E+00 8.775510E+00 3.563340E+01
5.306122E+00 8.979592E+00 2.941235E+01
5.306122E+00 9.183673E+00 2.334801E+01
5.306122E+00 9.387755E+00 1.740624E+01
5.306122E+00 9.591837E+00 1.155475E+01
5.306122E+00 9.795918E+00 5.762651E+00
5.306122E+00 1.000000E+01 0.000000E+00

5.510204E+00 0.000000E+00 2.473969E+01
5.510204E+00 2.040816E-01 2.880866E+01
5.510204E+00 4.081633E-01 3.298538E+01
5.510204E+00 6.122449E-01 3.729478E+01
5.510204E+00 8.163265E-01 4.176262E+01
5.510204E+00 1.020408E+00 4.641599E+01
5.510204E+00 1.224490E+00 5.128362E+01
5.510204E+00 1.428571E+00 5.639611E+01
5.510204E+00 1.632653E+00 6.178591E+01
5.510204E+00 1.836735E+00 6.748673E+01
5.510204E+00 2.040816E+00 7.353214E+01
5.510204E+00 2.244898E+00 7.995289E+01
5.510204E+00 2.448980E+00 8.677254E+01
5.510204E+00 2.653061E+00 9.400087E+01
5.510204E+00 2.857143E+00 1.016253E+02
5.510204E+00 3.061224E+00 1.096003E+02
5.510204E+00 3.265306E+00 1.178366E+02
5.510204E+00 3.469388E+00 1.261913E+02
5.510204E+00 3.673469E+00 1.344628E+02
5.510204E+00 3.877551E+00 1.423919E+02
5.510204E+00 4.081633E+00 1.496726E+02
5.510204E+00 4.285714E+00 1.559732E+02
5.510204E+00 4.489796E+00 1.609655E+02
5.510204E+00 4.693878E+00 1.643596E+02
5.510204E+00 4.897959E+00 1.659384E+02
5.510204E+00 5.102041E+00 1.655849E+02
5.510204E+00 5.306122E+00 1.632977E+02
5.510204E+00 5.510204E+00 1.591910E+02
5.510204E+00 5.714286E+00 1.534791E+02
5.510204E+00 5.918367E+00 1.464490E+02
5.510204E+00 6.122449E+00 1.384259E+02
5.510204E+00 6.326531E+00 1.297388E+02
5.510204E+00 6.530612E+00 1.206907E+02
5.510204E+00 6.734694E+00 1.115376E+02
5.510204E+00 6.938776E+00 1.024783E+02
5.510204E+00 7.142857E+00 9.365237E+01
5.510204E+00 7.346939E+00 8.514601E+01
5.510204E+00 7.551020E+00 7.700140E+01
5.510204E+00 7.755102E+00 6.922781E+01
5.510204E+00 7.959184E+00 6.181201E+01
5.510204E+00 8.163265E+00 5.472694E+01
5.510204E+00 8.367347E+00 4.793827E+01
5.510204E+00 8.571429E+00 4.140876E+01
5.510204E+00 8.775510E+00 3.510094E+01
5.510204E+00 8.979592E+00 2.897858E+01
5.510204E+00 9.183673E+00 2.300718E+01
5.510204E+00 9.387755E+00 1.715409E+01
5.510204E+00 9.591837E+00 1.138825E+01
5.510204E+00 9.795918E+00 5.679870E+00
5.510204E+00 1.000000E+01 0.000000E+00

5.714286E+00 0.000000E+00 2.448980E+01
5.714286E+00 2.040816E-01 2.845952E+01
5.714286E+00 4.081633E-01 3.253558E+01
5.714286E+00 6.122449E-01 3.674137E+01
5.714286E+00 8.163265E-01 4.110103E+01
5.714286E+00 1.020408E+00 4.563980E+01
5.714286E+00 1.224490E+00 5.038423E+01
5.714286E+00 1.428571E+00 5.536242E+01
5.714286E+00 1.632653E+00 6.060381E+01
5.714286E+00 1.836735E+00 6.613863E+01
5.714286E+00 2.040816E+00 7.199646E+01
5.714286E+00 2.244898E+00 7.820370E+01
5.714286E+00 2.448980E+00 8.477945E+01
5.714286E+00 2.653061E+00 9.172944E+01
5.714286E+00 2.857143E+00 9.903813E+01
5.714286E+00 3.061224E+00 1.066591E+02
5.714286E+00 3.265306E+00 1.145054E+02
5.714286E+00 3.469388E+00 1.224406E+02
5.714286E+00 3.673469E+00 1.302744E+02
5.714286E+00 3.877551E+00 1.377641E+02
5.714286E+00 4.081633E+00 1.446249E+02
5.714286E+00 4.285714E+00 1.505488E+02
5.714286E+00 4.489796E+00 1.552323E+02
5.714286E+00 4.693878E+00 1.584078E+02
5.714286E+00 4.897959E+00 1.598748E+02
5.714286E+00 5.102041E+00 1.595255E+02
5.714286E+00 5.306122E+00 1.573586E+02
5.714286E+00 5.510204E+00 1.534791E+02
5.714286E+00 5.714286E+00 1.480845E+02
5.714286E+00 5.918367E+00 1.414397E+02
5.714286E+00 6.122449E+00 1.338454E+02
5.714286E+00 6.326531E+00 1.256066E+02
5.714286E+00 6.530612E+00 1.170052E+02
5.714286E+00 6.734694E+00 1.082809E+02
5.714286E+00 6.938776E+00 9.962101E+01
5.714286E+00 7.142857E+00 9.115872E+01
5.714286E+00 7.346939E+00 8.297792E+01
5.714286E+00 7.551020E+00 7.512171E+01
5.714286E+00 7.755102E+00 6.760230E+01
5.714286E+00 7.959184E+00 6.041054E+01
5.714286E+00 8.163265E+00 5.352381E+01
5.714286E+00 8.367347E+00 4.691212E+01
5.714286E+00 8.571429E+00 4.054221E+01
5.714286E+00 8.775510E+00 3.438010E+01
5.714286E+00 8.979592E+00 2.839252E+01
5.714286E+00 9.183673E+00 2.254748E+01
5.714286E+00 9.387755E+00 1.681444E+01
5.714286E+00 9.591837E+00 1.116419E+01
5.714286E+00 9.795918E+00 5.568540E+00
5.714286E+00 1.000000E+01 0.000000E+00

5.918367E+00 0.000000E+00 2.415660E+01
5.918367E+00 2.040816E-01 2.800403E+01
5.918367E+00 4.081633E-01 3.195595E+01
5.918367E+00 6.122449E-01 3.603387E+01
5.918367E+00 8.163265E-01 4.025984E+01
5.918367E+00 1.020408E+00 4.465675E+01
5.918367E+00 1.224490E+00 4.924850E+01
5.918367E+00 1.428571E+00 5.406004E+01
5.918367E+00 1.632653E+00 5.911716E+01
5.918367E+00 1.836735E+00 6.444584E+01
5.918367E+00 2.040816E+00 7.007088E+01
5.918367E+00 2.244898E+00 7.601347E+01
5.918367E+00 2.448980E+00 8.228746E+01
5.918367E+00 2.653061E+00 8.889385E+01
5.918367E+00 2.857143E+00 9.581375E+01
5.918367E+00 3.061224E+00 1.030000E+02
5.918367E+00 3.265306E+00 1.103686E+02
5.918367E+00 3.469388E+00 1.177911E+02
5.918367E+00 3.673469E+00 1.250912E+02
5.918367E+00 3.877551E+00 1.320464E+02
5.918367E+00 4.081633E+00 1.383971E+02
5.918367E+00 4.285714E+00 1.438643E+02
5.918367E+00 4.489796E+00 1.481740E+02
5.918367E+00 4.693878E+00 1.510849E+02
5.918367E+00 4.897959E+00 1.524171E+02
5.918367E+00 5.102041E+00 1.520734E+02
5.918367E+00 5.306122E+00 1.500527E+02
5.918367E+00 5.510204E+00 1.464490E+02
5.918367E+00 5.714286E+00 1.414397E+02
5.918367E+00 5.918367E+00 1.352631E+02
5.918367E+00 6.122449E+00 1.281905E+02
5.918367E+00 6.326531E+00 1.204981E+02
5.918367E+00 6.530612E+00 1.124424E+02
5.918367E+00 6.734694E+00 1.042431E+02
5.918367E+00 6.938776E+00 9.607343E+01
5.918367E+00 7.142857E+00 8.805869E+01
5.918367E+00 7.346939E+00 8.027976E+01
5.918367E+00 7.551020E+00 7.278056E+01
5.918367E+00 7.755102E+00 6.557663E+01
5.918367E+00 7.959184E+00 5.866354E+01
5.918367E+00 8.163265E+00 5.202395E+01
5.918367E+00 8.367347E+00 4.563306E+01
5.918367E+00 8.571429E+00 3.946238E+01
5.918367E+00 8.775510E+00 3.348215E+01
5.918367E+00 8.979592E+00 2.766273E+01
5.918367E+00 9.183673E+00 2.197525E+01
5.918367E+00 9.387755E+00 1.639180E+01
5.918367E+00 9.591837E+00 1.088546E+01
5.918367E+00 9.795918E+00 5.430063E+00
5.918367E+00 1.000000E+01 0.000000E+00

6.122449E+00 0.000000E+00 2.374011E+01
6.122449E+00 2.040816E-01 2.744401E+01
6.122449E+00 4.081633E-01 3.125027E+01
6.122449E+00 6.122449E-01 3.517814E+01
6.122449E+00 8.163265E-01 3.924727E+01
6.122449E+00 1.020408E+00 4.347787E+01
6.122449E+00 1.224490E+00 4.789079E+01
6.122449E+00 1.428571E+00 5.250743E+01
6.122449E+00 1.632653E+00 5.734952E+01
6.122449E+00 1.836735E+00 6.243835E+01
6.122449E+00 2.040816E+00 6.779346E+01
6.122449E+00 2.244898E+00 7.343045E+01
6.122449E+00 2.448980E+00 7.935754E+01
6.122449E+00 2.653061E+00 8.557080E+01
6.122449E+00 2.857143E+00 9.204800E+01
6.122449E+00 3.061224E+00 9.874150E+01
6.122449E+00 3.265306E+00 1.055709E+02
6.122449E+00 3.469388E+00 1.124172E+02
6.122449E+00 3.673469E+00 1.191197E+02
6.122449E+00 3.877551E+00 1.254781E+02
6.122449E+00 4.081633E+00 1.312608E+02
6.122449E+00 4.285714E+00 1.362207E+02
6.122449E+00 4.489796E+00 1.401157E+02
6.122449E+00 4.693878E+00 1.427340E+02
6.122449E+00 4.897959E+00 1.439174E+02
6.122449E+00 5.102041E+00 1.435808E+02
6.122449E+00 5.306122E+00 1.417228E+02
6.122449E+00 5.510204E+00 1.384259E+02
6.122449E+00 5.714286E+00 1.338454E+02
6.122449E+00 5.918367E+00 1.281905E+02
6.122449E+00 6.122449E+00 1.217004E+02
6.122449E+00 6.326531E+00 1.146196E+02
6.122449E+00 6.530612E+00 1.071766E+02
6.122449E+00 6.734694E+00 9.956874E+01
6.122449E+00 6.938776E+00 9.195383E+01
6.122449E+00 7.142857E+00 8.444783E+01
6.122449E+00 7.346939E+00 7.712795E+01
6.122449E+00 7.551020E+00 7.003862E+01
6.122449E+00 7.755102E+00 6.319872E+01
6.122449E+00 7.959184E+00 5.660877E+01
6.122449E+00 8.163265E+00 5.025705E+01
6.122449E+00 8.367347E+00 4.412436E+01
6.122449E+00 8.571429E+00 3.818744E+01
6.122449E+00 8.775510E+00 3.242119E+01
6.122449E+00 8.979592E+00 2.680003E+01
6.122449E+00 9.183673E+00 2.129855E+01
6.122449E+00 9.387755E+00 1.589188E+01
6.122449E+00 9.591837E+00 1.055570E+01
6.122449E+00 9.795918E+00 5.266226E+00
6.122449E+00 1.000000E+01 0.000000E+00

6.326531E+00 0.000000E+00 2.324032E+01
6.326531E+00 2.040816E-01 2.678162E+01
6.326531E+00 4.081633E-01 3.042291E+01
6.326531E+00 6.122449E-01 3.418099E+01
6.326531E+00 8.163265E-01 3.807288E+01
6.326531E+00 1.020408E+00 4.211588E+01
6.326531E+00 1.224490E+00 4.632756E+01
6.326531E+00 1.428571E+00 5.072562E+01
6.326531E+00 1.632653E+00 5.532750E+01
6.326531E+00 1.836735E+00 6.014966E+01
6.326531E+00 2.040816E+00 6.520634E+01
6.326531E+00 2.244898E+00 7.050748E+01
6.326531E+00 2.448980E+00 7.605578E+01
6.326531E+00 2.653061E+00 8.184257E+01
6.326531E+00 2.857143E+00 8.784264E+01
6.326531E+00 3.061224E+00 9.400836E+01
6.326531E+00 3.265306E+00 1.002637E+02
6.326531E+00 3.469388E+00 1.064997E+02
6.326531E+00 3.673469E+00 1.125721E+02
6.326531E+00 3.877551E+00 1.183038E+02
6.326531E+00 4.081633E+00 1.234924E+02
6.326531E+00 4.285714E+00 1.279230E+02
6.326531E+00 4.489796E+00 1.313867E+02
6.326531E+00 4.693878E+00 1.337013E+02
6.326531E+00 4.897959E+00 1.347309E+02
6.326531E+00 5.102041E+00 1.344027E+02
6.326531E+00 5.306122E+00 1.327152E+02
6.326531E+00 5.510204E+00 1.297388E+02
6.326531E+00 5.714286E+00 1.256066E+02
6.326531E+00 5.918367E+00 1.204981E+02
6.326531E+00 6.122449E+00 1.146196E+02
6.326531E+00 6.326531E+00 1.081830E+02
6.326531E+00 6.530612E+00 1.013880E+02
6.326531E+00 6.734694E+00 9.440878E+01
6.326531E+00 6.938776E+00 8.738664E+01
6.326531E+00 7.142857E+00 8.042754E+01
6.326531E+00 7.346939E+00 7.360437E+01
6.326531E+00 7.551020E+00 6.696155E+01
6.326531E+00 7.755102E+00 6.052099E+01
6.326531E+00 7.959184E+00 5.428795E+01
6.326531E+00 8.163265E+00 4.825623E+01
6.326531E+00 8.367347E+00 4.241225E+01
6.326531E+00 8.571429E+00 3.673806E+01
6.326531E+00 8.775510E+00 3.121338E+01
6.326531E+00 8.979592E+00 2.581682E+01
6.326531E+00 9.183673E+00 2.052669E+01
6.326531E+00 9.387755E+00 1.532130E+01
6.326531E+00 9.591837E+00 1.017919E+01
6.326531E+00 9.795918E+00 5.079114E+00
6.326531E+00 1.000000E+01 0.000000E+00

6.530612E+00 0.000000E+00 2.265723E+01
6.530612E+00 2.040816E-01 2.601923E+01
6.530612E+00 4.081633E-01 2.947872E+01
6.530612E+00 6.122449E-01 3.304992E+01
6.530612E+00 8.163265E-01 3.674710E+01
6.530612E+00 1.020408E+00 4.058457E+01
6.530612E+00 1.224490E+00 4.457657E+01
6.530612E+00 1.428571E+00 4.873705E+01
6.530612E+00 1.632653E+00 5.307923E+01
6.530612E+00 1.836735E+00 5.761486E+01
6.530612E+00 2.040816E+00 6.235307E+01
6.530612E+00 2.244898E+00 6.729851E+01
6.530612E+00 2.448980E+00 7.244878E+01
6.530612E+00 2.653061E+00 7.779104E+01
6.530612E+00 2.857143E+00 8.329771E+01
6.530612E+00 3.061224E+00 8.892177E+01
6.530612E+00 3.265306E+00 9.459214E+01
6.530612E+00 3.469388E+00 1.002102E+02
6.530612E+00 3.673469E+00 1.056483E+02
6.530612E+00 3.877551E+00 1.107525E+02
6.530612E+00 4.081633E+00 1.153485E+02
6.530612E+00 4.285714E+00 1.192533E+02
6.530612E+00 4.489796E+00 1.222899E+02
6.530612E+00 4.693878E+00 1.243047E+02
6.530612E+00 4.897959E+00 1.251834E+02
6.530612E+00 5.102041E+00 1.248649E+02
6.530612E+00 5.306122E+00 1.233477E+02
6.530612E+00 5.510204E+00 1.206907E+02
6.530612E+00 5.714286E+00 1.170052E+02
6.530612E+00 5.918367E+00 1.124424E+02
6.530612E+00 6.122449E+00 1.071766E+02
6.530612E+00 6.326531E+00 1.013880E+02
6.530612E+00 6.530612E+00 9.524802E+01
6.530612E+00 6.734694E+00 8.890803E+01
6.530612E+00 6.938776E+00 8.249260E+01
6.530612E+00 7.142857E+00 7.609740E+01
6.530612E+00 7.346939E+00 6.979041E+01
6.530612E+00 7.551020E+00 6.361548E+01
6.530612E+00 7.755102E+00 5.759690E+01
6.530612E+00 7.959184E+00 5.174413E+01
6.530612E+00 8.163265E+00 4.605605E+01
6.530612E+00 8.367347E+00 4.052437E+01
6.530612E+00 8.571429E+00 3.513625E+01
6.530612E+00 8.775510E+00 2.987605E+01
6.530612E+00 8.979592E+00 2.472657E+01
6.530612E+00 9.183673E+00 1.966981E+01
6.530612E+00 9.387755E+00 1.468734E+01
6.530612E+00 9.591837E+00 9.760607E+00
6.530612E+00 9.795918E+00 4.871021E+00
6.530612E+00 1.000000E+01 0.000000E+00

6.734694E+00 0.000000E+00 2.199084E+01
6.734694E+00 2.040816E-01 2.515934E+01
6.734694E+00 4.081633E-01 2.842279E+01
6.734694E+00 6.122449E-01 3.179278E+01
6.734694E+00 8.163265E-01 3.528082E+01
6.734694E+00 1.020408E+00 3.889826E+01
6.734694E+00 1.224490E+00 4.265607E+01
6.734694E+00 1.428571E+00 4.656459E+01
6.734694E+00 1.632653E+00 5.063304E+01
6.734694E+00 1.836735E+00 5.486882E+01
6.734694E+00 2.040816E+00 5.927639E+01
6.734694E+00 2.244898E+00 6.385568E+01
6.734694E+00 2.448980E+00 6.859995E+01
6.734694E+00 2.653061E+00 7.349291E+01
6.734694E+00 2.857143E+00 7.850543E+01
6.734694E+00 3.061224E+00 8.359177E+01
6.734694E+00 3.265306E+00 8.868619E+01
6.734694E+00 3.469388E+00 9.370043E+01
6.734694E+00 3.673469E+00 9.852308E+01
6.734694E+00 3.877551E+00 1.030218E+02
6.734694E+00 4.081633E+00 1.070492E+02
6.734694E+00 4.285714E+00 1.104516E+02
6.734694E+00 4.489796E+00 1.130817E+02
6.734694E+00 4.693878E+00 1.148123E+02
6.734694E+00 4.897959E+00 1.155491E+02
6.734694E+00 5.102041E+00 1.152416E+02
6.734694E+00 5.306122E+00 1.138884E+02
6.734694E+00 5.510204E+00 1.115376E+02
6.734694E+00 5.714286E+00 1.082809E+02
6.734694E+00 5.918367E+00 1.042431E+02
6.734694E+00 6.122449E+00 9.956874E+01
6.734694E+00 6.326531E+00 9.440878E+01
6.734694E+00 6.530612E+00 8.890803E+01
6.734694E+00 6.734694E+00 8.319601E+01
6.734694E+00 6.938776E+00 7.738125E+01
6.734694E+00 7.142857E+00 7.154908E+01
6.734694E+00 7.346939E+00 6.576221E+01
6.734694E+00 7.551020E+00 6.006322E+01
6.734694E+00 7.755102E+00 5.447799E+01
6.734694E+00 7.959184E+00 4.901944E+01
6.734694E+00 8.163265E+00 4.369080E+01
6.734694E+00 8.367347E+00 3.848850E+01
6.734694E+00 8.571429E+00 3.340431E+01
6.734694E+00 8.775510E+00 2.842695E+01
6.734694E+00 8.979592E+00 2.354315E+01
6.734694E+00 9.183673E+00 1.873843E+01
6.734694E+00 9.387755E+00 1.399755E+01
6.734694E+00 9.591837E+00 9.304841E+00
6.734694E+00 9.795918E+00 4.644351E+00
6.734694E+00 1.000000E+01 0.000000E+00

6.938776E+00 0.000000E+00 2.124115E+01
6.938776E+00 2.040816E-01 2.420451E+01
6.938776E+00 4.081633E-01 2.726029E+01
6.938776E+00 6.122449E-01 3.041752E+01
6.938776E+00 8.163265E-01 3.368501E+01
6.938776E+00 1.020408E+00 3.707125E+01
6.938776E+00 1.224490E+00 4.058412E+01
6.938776E+00 1.428571E+00 4.423062E+01
6.938776E+00 1.632653E+00 4.801633E+01
6.938776E+00 1.836735E+00 5.194477E+01
6.938776E+00 2.040816E+00 5.601637E+01
6.938776E+00 2.244898E+00 6.022709E+01
6.938776E+00 2.448980E+00 6.456668E+01
6.938776E+00 2.653061E+00 6.901635E+01
6.938776E+00 2.857143E+00 7.354620E+01
6.938776E+00 3.061224E+00 7.811246E+01
6.938776E+00 3.265306E+00 8.265496E+01
6.938776E+00 3.469388E+00 8.709555E+01
6.938776E+00 3.673469E+00 9.133794E+01
6.938776E+00 3.877551E+00 9.526989E+01
6.938776E+00 4.081633E+00 9.876800E+01
6.938776E+00 4.285714E+00 1.017053E+02
6.938776E+00 4.489796E+00 1.039609E+02
6.938776E+00 4.693878E+00 1.054310E+02
6.938776E+00 4.897959E+00 1.060389E+02
6.938776E+00 5.102041E+00 1.057436E+02
6.938776E+00 5.306122E+00 1.045439E+02
6.938776E+00 5.510204E+00 1.024783E+02
6.938776E+00 5.714286E+00 9.962101E+01
6.938776E+00 5.918367E+00 9.607343E+01
6.938776E+00 6.122449E+00 9.195383E+01
6.938776E+00 6.326531E+00 8.738664E+01
6.938776E+00 6.530612E+00 8.249260E+01
6.938776E+00 6.734694E+00 7.738125E+01
6.938776E+00 6.938776E+00 7.214606E+01
6.938776E+00 7.142857E+00 6.686234E+01
6.938776E+00 7.346939E+00 6.158724E+01
6.938776E+00 7.551020E+00 5.636144E+01
6.938776E+00 7.755102E+00 5.121163E+01
6.938776E+00 7.959184E+00 4.615322E+01
6.938776E+00 8.163265E+00 4.119299E+01
6.938776E+00 8.367347E+00 3.633131E+01
6.938776E+00 8.571429E+00 3.156398E+01
6.938776E+00 8.775510E+00 2.688354E+01
6.938776E+00 8.979592E+00 2.228031E+01
6.938776E+00 9.183673E+00 1.774306E+01
6.938776E+00 9.387755E+00 1.325954E+01
6.938776E+00 9.591837E+00 8.816829E+00
6.938776E+00 9.795918E+00 4.401530E+00
6.938776E+00 1.000000E+01 0.000000E+00

7.142857E+00 0.000000E+00 2.040816E+01
7.142857E+00 2.040816E-01 2.315725E+01
7.142857E+00 4.081633E-01 2.599633E+01
7.142857E+00 6.122449E-01 2.893194E+01
7.142857E+00 8.163265E-01 3.197036E+01
7.142857E+00 1.020408E+00 3.511737E+01
7.142857E+00 1.224490E+00 3.837804E+01
7.142857E+00 1.428571E+00 4.175635E+01
7.142857E+00 1.632653E+00 4.525470E+01
7.142857E+00 1.836735E+00 4.887330E+01
7.142857E+00 2.040816E+00 5.260924E+01
7.142857E+00 2.244898E+00 5.645535E+01
7.142857E+00 2.448980E+00 6.039876E+01
7.142857E+00 2.653061E+00 6.441911E+01
7.142857E+00 2.857143E+00 6.848655E+01
7.142857E+00 3.061224E+00 7.255981E+01
7.142857E+00 3.265306E+00 7.658442E+01
7.142857E+00 3.469388E+00 8.049178E+01
7.142857E+00 3.673469E+00 8.419944E+01
7.142857E+00 3.877551E+00 8.761307E+01
7.142857E+00 4.081633E+00 9.063055E+01
7.142857E+00 4.285714E+00 9.314796E+01
7.142857E+00 4.489796E+00 9.506734E+01
7.142857E+00 4.693878E+00 9.630498E+01
7.142857E+00 4.897959E+00 9.679941E+01
7.142857E+00 5.102041E+00 9.651760E+01
7.142857E+00 5.306122E+00 9.545836E+01
7.142857E+00 5.510204E+00 9.365237E+01
7.142857E+00 5.714286E+00 9.115872E+01
7.142857E+00 5.918367E+00 8.805869E+01
7.142857E+00 6.122449E+00 8.444783E+01
7.142857E+00 6.326531E+00 8.042754E+01
7.142857E+00 6.530612E+00 7.609740E+01
7.142857E+00 6.734694E+00 7.154908E+01
7.142857E+00 6.938776E+00 6.686234E+01
7.142857E+00 7.142857E+00 6.210296E+01
7.142857E+00 7.346939E+00 5.732247E+01
7.142857E+00 7.551020E+00 5.255913E+01
7.142857E+00 7.755102E+00 4.783957E+01
7.142857E+00 7.959184E+00 4.318084E+01
7.142857E+00 8.163265E+00 3.859234E+01
7.142857E+00 8.367347E+00 3.407759E+01
7.142857E+00 8.571429E+00 2.963568E+01
7.142857E+00 8.775510E+00 2.526242E+01
7.142857E+00 8.979592E+00 2.095124E+01
7.142857E+00 9.183673E+00 1.669385E+01
7.142857E+00 9.387755E+00 1.248069E+01
7.142857E+00 9.591837E+00 8.301385E+00
7.142857E+00 9.795918E+00 4.144935E+00
7.142857E+00 1.000000E+01 0.000000E+00

7.346939E+00 0.000000E+00 1.949188E+01
7.346939E+00 2.040816E-01 2.202001E+01
7.346939E+00 4.081633E-01 2.463582E+01
7.346939E+00 6.122449E-01 2.734353E+01
7.346939E+00 8.163265E-01 3.014704E+01
7.346939E+00 1.020408E+00 3.304968E+01
7.346939E+00 1.224490E+00 3.605399E+01
7.346939E+00 1.428571E+00 3.916132E+01
7.346939E+00 1.632653E+00 4.237139E+01
7.346939E+00 1.836735E+00 4.568167E+01
7.346939E+00 2.040816E+00 4.908667E+01
7.346939E+00 2.244898E+00 5.257689E+01
7.346939E+00 2.448980E+00 5.613773E+01
7.346939E+00 2.653061E+00 5.974807E+01
7.346939E+00 2.857143E+00 6.337888E+01
7.346939E+00 3.061224E+00 6.699179E+01
7.346939E+00 3.265306E+00 7.053799E+01
7.346939E+00 3.469388E+00 7.395777E+01
7.346939E+00 3.673469E+00 7.718103E+01
7.346939E+00 3.877551E+00 8.012910E+01
7.346939E+00 4.081633E+00 8.271812E+01
7.346939E+00 4.285714E+00 8.486381E+01
7.346939E+00 4.489796E+00 8.648741E+01
7.346939E+00 4.693878E+00 8.752211E+01
7.346939E+00 4.897959E+00 8.791903E+01
7.346939E+00 5.102041E+00 8.765188E+01
7.346939E+00 5.306122E+00 8.671953E+01
7.346939E+00 5.510204E+00 8.514601E+01
7.346939E+00 5.714286E+00 8.297792E+01
7.346939E+00 5.918367E+00 8.027976E+01
7.346939E+00 6.122449E+00 7.712795E+01
7.346939E+00 6.326531E+00 7.360437E+01
7.346939E+00 6.530612E+00 6.979041E+01
7.346939E+00 6.734694E+00 6.576221E+01
7.346939E+00 6.938776E+00 6.158724E+01
7.346939E+00 7.142857E+00 5.732247E+01
7.346939E+00 7.346939E+00 5.301387E+01
7.346939E+00 7.551020E+00 4.869683E+01
7.346939E+00 7.755102E+00 4.439726E+01
7.346939E+00 7.959184E+00 4.013297E+01
7.346939E+00 8.163265E+00 3.591514E+01
7.346939E+00 8.367347E+00 3.174959E+01
7.346939E+00 8.571429E+00 2.763802E+01
7.346939E+00 8.775510E+00 2.357889E+01
7.346939E+00 8.979592E+00 1.956825E+01
7.346939E+00 9.183673E+00 1.560033E+01
7.346939E+00 9.387755E+00 1.166797E+01
7.346939E+00 9.591837E+00 7.763070E+00
7.346939E+00 9.795918E+00 3.876821E+00
7.346939E+00 1.000000E+01 0.000000E+00

7.551020E+00 0.000000E+00 1.849229E+01
7.551020E+00 2.040816E-01 2.079508E+01
7.551020E+00 4.081633E-01 2.318340E+01
7.551020E+00 6.122449E-01 2.565931E+01
7.551020E+00 8.163265E-01 2.822454E+01
7.551020E+00 1.020408E+00 3.088024E+01
7.551020E+00 1.224490E+00 3.362671E+01
7.551020E+00 1.428571E+00 3.646311E+01
7.551020E+00 1.632653E+00 3.938693E+01
7.551020E+00 1.836735E+00 4.239356E+01
7.551020E+00 2.040816E+00 4.547555E+01
7.551020E+00 2.244898E+00 4.862186E+01
7.551020E+00 2.448980E+00 5.181694E+01
7.551020E+00 2.653061E+00 5.503967E+01
7.551020E+00 2.857143E+00 5.826242E+01
7.551020E+00 3.061224E+00 6.144999E+01
7.551020E+00 3.265306E+00 6.455908E+01
7.551020E+00 3.469388E+00 6.753809E+01
7.551020E+00 3.673469E+00 7.032779E+01
7.551020E+00 3.877551E+00 7.286295E+01
7.551020E+00 4.081633E+00 7.507510E+01
7.551020E+00 4.285714E+00 7.689627E+01
7.551020E+00 4.489796E+00 7.826356E+01
7.551020E+00 4.693878E+00 7.912398E+01
7.551020E+00 4.897959E+00 7.943891E+01
7.551020E+00 5.102041E+00 7.918755E+01
7.551020E+00 5.306122E+00 7.836883E+01
7.551020E+00 5.510204E+00 7.700140E+01
7.551020E+00 5.714286E+00 7.512171E+01
7.551020E+00 5.918367E+00 7.278056E+01
7.551020E+00 6.122449E+00 7.003862E+01
7.551020E+00 6.326531E+00 6.696155E+01
7.551020E+00 6.530612E+00 6.361548E+01
7.551020E+00 6.734694E+00 6.006322E+01
7.551020E+00 6.938776E+00 5.636144E+01
7.551020E+00 7.142857E+00 5.255913E+01
7.551020E+00 7.346939E+00 4.869683E+01
7.551020E+00 7.551020E+00 4.480682E+01
7.551020E+00 7.755102E+00 4.091370E+01
7.551020E+00 7.959184E+00 3.703533E+01
7.551020E+00 8.163265E+00 3.318387E+01
7.551020E+00 8.367347E+00 2.936671E+01
7.551020E+00 8.571429E+00 2.558745E+01
7.551020E+00 8.775510E+00 2.184664E+01
7.551020E+00 8.979592E+00 1.814245E+01
7.551020E+00 9.183673E+00 1.447119E+01
7.551020E+00 9.387755E+00 1.082778E+01
7.551020E+00 9.591837E+00 7.206095E+00
7.551020E+00 9.795918E+00 3.599275E+00
7.551020E+00 1.000000E+01 0.000000E+00

7.755102E+00 0.000000E+00 1.740941E+01
7.755102E+00 2.040816E-01 1.948463E+01
7.755102E+00 4.081633E-01 2.164338E+01
7.755102E+00 6.122449E-01 2.388577E+01
7.755102E+00 8.163265E-01 2.621155E+01
7.755102E+00 1.020408E+00 2.861995E+01
7.755102E+00 1.224490E+00 3.110939E+01
7.755102E+00 1.428571E+00 3.367718E+01
7.755102E+00 1.632653E+00 3.631912E+01
7.755102E+00 1.836735E+00 3.902900E+01
7.755102E+00 2.040816E+00 4.179809E+01
7.755102E+00 2.244898E+00 4.461446E+01
7.755102E+00 2.448980E+00 4.746227E+01
7.755102E+00 2.653061E+00 5.032104E+01
7.755102E+00 2.857143E+00 5.316492E+01
7.755102E+00 3.061224E+00 5.596212E+01
7.755102E+00 3.265306E+00 5.867453E+01
7.755102E+00 3.469388E+00 6.125787E+01
7.755102E+00 3.673469E+00 6.366235E+01
7.755102E+00 3.877551E+00 6.583414E+01
7.755102E+00 4.081633E+00 6.771754E+01
7.755102E+00 4.285714E+00 6.925795E+01
7.755102E+00 4.489796E+00 7.040535E+01
7.755102E+00 4.693878E+00 7.111784E+01
7.755102E+00 4.897959E+00 7.136504E+01
7.755102E+00 5.102041E+00 7.113054E+01
7.755102E+00 5.306122E+00 7.041334E+01
7.755102E+00 5.510204E+00 6.922781E+01
7.755102E+00 5.714286E+00 6.760230E+01
7.755102E+00 5.918367E+00 6.557663E+01
7.755102E+00 6.122449E+00 6.319872E+01
7.755102E+00 6.326531E+00 6.052099E+01
7.755102E+00 6.530612E+00 5.759690E+01
7.755102E+00 6.734694E+00 5.447799E+01
7.755102E+00 6.938776E+00 5.121163E+01
7.755102E+00 7.142857E+00 4.783957E+01
7.755102E+00 7.346939E+00 4.439726E+01
7.755102E+00 7.551020E+00 4.091370E+01
7.755102E+00 7.755102E+00 3.741176E+01
7.755102E+00 7.959184E+00 3.390878E+01
7.755102E+00 8.163265E+00 3.041720E+01
7.755102E+00 8.367347E+00 2.694537E+01
7.755102E+00 8.571429E+00 2.349816E+01
7.755102E+00 8.775510E+00 2.007765E+01
7.755102E+00 8.979592E+00 1.668366E+01
7.755102E+00 9.183673E+00 1.331419E+01
7.755102E+00 9.387755E+00 9.965860E+00
7.755102E+00 9.591837E+00 6.634249E+00
7.755102E+00 9.795918E+00 3.314180E+00
7.755102E+00 1.000000E+01 0.000000E+00

7.959184E+00 0.000000E+00 1.624323E+01
7.959184E+00 2.040816E-01 1.809062E+01
7.959184E+00 4.081633E-01 2.001973E+01
7.959184E+00 6.122449E-01 2.202882E+01
7.959184E+00 8.163265E-01 2.411592E+01
7.959184E+00 1.020408E+00 2.627858E+01
7.959184E+00 1.224490E+00 2.851364E+01
7.959184E+00 1.428571E+00 3.081696E+01
7.959184E+00 1.632653E+00 3.318303E+01
7.959184E+00 1.836735E+00 3.560461E+01
7.959184E+00 2.040816E+00 3.807218E+01
7.959184E+00 2.244898E+00 4.057350E+01
7.959184E+00 2.448980E+00 4.309302E+01
7.959184E+00 2.653061E+00 4.561132E+01
7.959184E+00 2.857143E+00 4.810470E+01
7.959184E+00 3.061224E+00 5.054474E+01
7.959184E+00 3.265306E+00 5.289825E+01
7.959184E+00 3.469388E+00 5.512748E+01
7.959184E+00 3.673469E+00 5.719078E+01
7.959184E+00 3.877551E+00 5.904385E+01
7.959184E+00 4.081633E+00 6.064155E+01
7.959184E+00 4.285714E+00 6.194012E+01
7.959184E+00 4.489796E+00 6.289984E+01
7.959184E+00 4.693878E+00 6.348768E+01
7.959184E+00 4.897959E+00 6.367974E+01
7.959184E+00 5.102041E+00 6.346312E+01
7.959184E+00 5.306122E+00 6.283686E+01
7.959184E+00 5.510204E+00 6.181201E+01
7.959184E+00 5.714286E+00 6.041054E+01
7.959184E+00 5.918367E+00 5.866354E+01
7.959184E+00 6.122449E+00 5.660877E+01
7.959184E+00 6.326531E+00 5.428795E+01
7.959184E+00 6.530612E+00 5.174413E+01
7.959184E+00 6.734694E+00 4.901944E+01
7.959184E+00 6.938776E+00 4.615322E+01
7.959184E+00 7.142857E+00 4.318084E+01
7.959184E+00 7.346939E+00 4.013297E+01
7.959184E+00 7.551020E+00 3.703533E+01
7.959184E+00 7.755102E+00 3.390878E+01
7.959184E+00 7.959184E+00 3.076964E+01
7.959184E+00 8.163265E+00 2.763017E+01
7.959184E+00 8.367347E+00 2.449908E+01
7.959184E+00 8.571429E+00 2.138201E+01
7.959184E+00 8.775510E+00 1.828208E+01
7.959184E+00 8.979592E+00 1.520031E+01
7.959184E+00 9.183673E+00 1.213602E+01
7.959184E+00 9.387755E+00 9.087215E+00
7.959184E+00 9.591837E+00 6.050858E+00
7.959184E+00 9.795918E+00 3.023197E+00
7.959184E+00 1.000000E+01 0.000000E+00

8.163265E+00 0.000000E+00 1.499375E+01
8.163265E+00 2.040816E-01 1.661491E+01
8.163265E+00 4.081633E-01 1.831607E+01
8.163265E+00 6.122449E-01 2.009387E+01
8.163265E+00 8.163265E-01 2.194474E+01
8.163265E+00 1.020408E+00 2.386479E+01
8.163265E+00 1.224490E+00 2.584959E+01
8.163265E+00 1.428571E+00 2.789388E+01
8.163265E+00 1.632653E+00 2.999127E+01
8.163265E+00 1.836735E+00 3.213386E+01
8.163265E+00 2.040816E+00 3.431187E+01
8.163265E+00 2.244898E+00 3.651318E+01
8.163265E+00 2.448980E+00 3.872296E+01
8.163265E+00 2.653061E+00 4.092321E+01
8.163265E+00 2.857143E+00 4.309255E+01
8.163265E+00 3.061224E+00 4.520591E+01
8.163265E+00 3.265306E+00 4.723466E+01
8.163265E+00 3.469388E+00 4.914682E+01
8.163265E+00 3.673469E+00 5.090774E+01
8.163265E+00 3.877551E+00 5.248112E+01
8.163265E+00 4.081633E+00 5.383042E+01
8.163265E+00 4.285714E+00 5.492066E+01
8.163265E+00 4.489796E+00 5.572034E+01
8.163265E+00 4.693878E+00 5.620342E+01
8.163265E+00 4.897959E+00 5.635115E+01
8.163265E+00 5.102041E+00 5.615334E+01
8.163265E+00 5.306122E+00 5.560912E+01
8.163265E+00 5.510204E+00 5.472694E+01
8.163265E+00 5.714286E+00 5.352381E+01
8.163265E+00 5.918367E+00 5.202395E+01
8.163265E+00 6.122449E+00 5.025705E+01
8.163265E+00 6.326531E+00 4.825623E+01
8.163265E+00 6.530612E+00 4.605605E+01
8.163265E+00 6.734694E+00 4.369080E+01
8.163265E+00 6.938776E+00 4.119299E+01
8.163265E+00 7.142857E+00 3.859234E+01
8.163265E+00 7.346939E+00 3.591514E+01
8.163265E+00 7.551020E+00 3.318387E+01
8.163265E+00 7.755102E+00 3.041720E+01
8.163265E+00 7.959184E+00 2.763017E+01
8.163265E+00 8.163265E+00 2.483442E+01
8.163265E+00 8.367347E+00 2.203857E+01
8.163265E+00 8.571429E+00 1.924862E+01
8.163265E+00 8.775510E+00 1.646830E+01
8.163265E+00 8.979592E+00 1.369946E+01
8.163265E+00 9.183673E+00 1.094237E+01
8.163265E+00 9.387755E+00 8.196114E+00
8.163265E+00 9.591837E+00 5.458771E+00
8.163265E+00 9.795918E+00 2.727749E+00
8.163265E+00 1.000000E+01 0.000000E+00

8.367347E+00 0.000000E+00 1.366097E+01
8.367347E+00 2.040816E-01 1.505920E+01
8.367347E+00 4.081633E-01 1.653579E+01
8.367347E+00 6.122449E-01 1.808583E+01
8.367347E+00 8.163265E-01 1.970436E+01
8.367347E+00 1.020408E+00 2.138624E+01
8.367347E+00 1.224490E+00 2.312603E+01
8.367347E+00 1.428571E+00 2.491766E+01
8.367347E+00 1.632653E+00 2.675421E+01
8.367347E+00 1.836735E+00 2.862752E+01
8.367347E+00 2.040816E+00 3.052790E+01
8.367347E+00 2.244898E+00 3.244378E+01
8.367347E+00 2.448980E+00 3.436133E+01
8.367347E+00 2.653061E+00 3.626425E+01
8.367347E+00 2.857143E+00 3.813355E+01
8.367347E+00 3.061224E+00 3.994744E+01
8.367347E+00 3.265306E+00 4.168145E+01
8.367347E+00 3.469388E+00 4.330874E+01
8.367347E+00 3.673469E+00 4.480064E+01
8.367347E+00 3.877551E+00 4.612755E+01
8.367347E+00 4.081633E+00 4.726001E+01
8.367347E+00 4.285714E+00 4.817009E+01
8.367347E+00 4.489796E+00 4.883286E+01
8.367347E+00 4.693878E+00 4.922783E+01
8.367347E+00 4.897959E+00 4.934026E+01
8.367347E+00 5.102041E+00 4.916213E+01
8.367347E+00 5.306122E+00 4.869265E+01
8.367347E+00 5.510204E+00 4.793827E+01
8.367347E+00 5.714286E+00 4.691212E+01
8.367347E+00 5.918367E+00 4.563306E+01
8.367347E+00 6.122449E+00 4.412436E+01
8.367347E+00 6.326531E+00 4.241225E+01
8.367347E+00 6.530612E+00 4.052437E+01
8.367347E+00 6.734694E+00 3.848850E+01
8.367347E+00 6.938776E+00 3.633131E+01
8.367347E+00 7.142857E+00 3.407759E+01
8.367347E+00 7.346939E+00 3.174959E+01
8.367347E+00 7.551020E+00 2.936671E+01
8.367347E+00 7.755102E+00 2.694537E+01
8.367347E+00 7.959184E+00 2.449908E+01
8.367347E+00 8.163265E+00 2.203857E+01
8.367347E+00 8.367347E+00 1.957208E+01
8.367347E+00 8.571429E+00 1.710557E+01
8.367347E+00 8.775510E+00 1.464303E+01
8.367347E+00 8.979592E+00 1.218683E+01
8.367347E+00 9.183673E+00 9.737901E+00
8.367347E+00 9.387755E+00 7.296092E+00
8.367347E+00 9.591837E+00 4.860361E+00
8.367347E+00 9.795918E+00 2.429029E+00
8.367347E+00 1.000000E+01 0.000000E+00

8.571429E+00 0.000000E+00 1.224490E+01
8.571429E+00 2.040816E-01 1.342511E+01
8.571429E+00 4.081633E-01 1.468206E+01
8.571429E+00 6.122449E-01 1.600932E+01
8.571429E+00 8.163265E-01 1.740062E+01
8.571429E+00 1.020408E+00 1.884979E+01
8.571429E+00 1.224490E+00 2.035061E+01
8.571429E+00 1.428571E+00 2.189650E+01
8.571429E+00 1.632653E+00 2.348032E+01
8.571429E+00 1.836735E+00 2.509400E+01
8.571429E+00 2.040816E+00 2.672827E+01
8.571429E+00 2.244898E+00 2.837237E+01
8.571429E+00 2.448980E+00 3.001377E+01
8.571429E+00 2.653061E+00 3.163800E+01
8.571429E+00 2.857143E+00 3.322851E+01
8.571429E+00 3.061224E+00 3.476664E+01
8.571429E+00 3.265306E+00 3.623177E+01
8.571429E+00 3.469388E+00 3.760158E+01
8.571429E+00 3.673469E+00 3.885258E+01
8.571429E+00 3.877551E+00 3.996078E+01
8.571429E+00 4.081633E+00 4.090255E+01
8.571429E+00 4.285714E+00 4.165571E+01
8.571429E+00 4.489796E+00 4.220057E+01
8.571429E+00 4.693878E+00 4.252107E+01
8.571429E+00 4.897959E+00 4.260564E+01
8.571429E+00 5.102041E+00 4.244798E+01
8.571429E+00 5.306122E+00 4.204738E+01
8.571429E+00 5.510204E+00 4.140876E+01
8.571429E+00 5.714286E+00 4.054221E+01
8.571429E+00 5.918367E+00 3.946238E+01
8.571429E+00 6.122449E+00 3.818744E+01
8.571429E+00 6.326531E+00 3.673806E+01
8.571429E+00 6.530612E+00 3.513625E+01
8.571429E+00 6.734694E+00 3.340431E+01
8.571429E+00 6.938776E+00 3.156398E+01
8.571429E+00 7.142857E+00 2.963568E+01
8.571429E+00 7.346939E+00 2.763802E+01
8.571429E+00 7.551020E+00 2.558745E+01
8.571429E+00 7.755102E+00 2.349816E+01
8.571429E+00 7.959184E+00 2.138201E+01
8.571429E+00 8.163265E+00 1.924862E+01
8.571429E+00 8.367347E+00 1.710557E+01
8.571429E+00 8.571429E+00 1.495850E+01
8.571429E+00 8.775510E+00 1.281142E+01
8.571429E+00 8.979592E+00 1.066691E+01
8.571429E+00 9.183673E+00 8.526310E+00
8.571429E+00 9.387755E+00 6.389993E+00
8.571429E+00 9.591837E+00 4.257551E+00
8.571429E+00 9.795918E+00 2.128005E+00
8.571429E+00 1.000000E+01 0.000000E+00

8.775510E+00 0.000000E+00 1.074552E+01
8.775510E+00 2.040816E-01 1.171429E+01
8.775510E+00 4.081633E-01 1.275803E+01
8.775510E+00 6.122449E-01 1.386876E+01
8.775510E+00 8.163265E-01 1.503900E+01
8.775510E+00 1.020408E+00 1.626170E+01
8.775510E+00 1.224490E+00 1.753010E+01
8.775510E+00 1.428571E+00 1.883741E+01
8.775510E+00 1.632653E+00 2.017655E+01
8.775510E+00 1.836735E+00 2.153985E+01
8.775510E+00 2.040816E+00 2.291873E+01
8.775510E+00 2.244898E+00 2.430349E+01
8.775510E+00 2.448980E+00 2.568310E+01
8.775510E+00 2.653061E+00 2.704502E+01
8.775510E+00 2.857143E+00 2.837513E+01
8.775510E+00 3.061224E+00 2.965777E+01
8.775510E+00 3.265306E+00 3.087583E+01
8.775510E+00 3.469388E+00 3.201105E+01
8.775510E+00 3.673469E+00 3.304440E+01
8.775510E+00 3.877551E+00 3.395665E+01
8.775510E+00 4.081633E+00 3.472906E+01
8.775510E+00 4.285714E+00 3.534413E+01
8.775510E+00 4.489796E+00 3.578645E+01
8.775510E+00 4.693878E+00 3.604347E+01
8.775510E+00 4.897959E+00 3.610621E+01
8.775510E+00 5.102041E+00 3.596972E+01
8.775510E+00 5.306122E+00 3.563340E+01
8.775510E+00 5.510204E+00 3.510094E+01
8.775510E+00 5.714286E+00 3.438010E+01
8.775510E+00 5.918367E+00 3.348215E+01
8.775510E+00 6.122449E+00 3.242119E+01
8.775510E+00 6.326531E+00 3.121338E+01
8.775510E+00 6.530612E+00 2.987605E+01
8.775510E+00 6.734694E+00 2.842695E+01
8.775510E+00 6.938776E+00 2.688354E+01
8.775510E+00 7.142857E+00 2.526242E+01
8.775510E+00 7.346939E+00 2.357889E+01
8.775510E+00 7.551020E+00 2.184664E+01
8.775510E+00 7.755102E+00 2.007765E+01
8.775510E+00 7.959184E+00 1.828208E+01
8.775510E+00 8.163265E+00 1.646830E+01
8.775510E+00 8.367347E+00 1.464303E+01
8.775510E+00 8.571429E+00 1.281142E+01
8.775510E+00 8.775510E+00 1.097725E+01
8.775510E+00 8.979592E+00 9.143076E+00
8.775510E+00 9.183673E+00 7.310435E+00
8.775510E+00 9.387755E+00 5.480018E+00
8.775510E+00 9.591837E+00 3.651845E+00
8.775510E+00 9.795918E+00 1.825440E+00
8.775510E+00 1.000000E+01 0.000000E+00

8.979592E+00 0.000000E+00 9.162849E+00
8.979592E+00 2.040816E-01 9.928482E+00
8.979592E+00 4.081633E-01 1.076700E+01
8.979592E+00 6.122449E-01 1.166870E+01
8.979592E+00 8.163265E-01 1.262492E+01
8.979592E+00 1.020408E+00 1.362792E+01
8.979592E+00 1.224490E+00 1.467068E+01
8.979592E+00 1.428571E+00 1.574648E+01
8.979592E+00 1.632653E+00 1.684862E+01
8.979592E+00 1.836735E+00 1.797009E+01
8.979592E+00 2.040816E+00 1.910326E+01
8.979592E+00 2.244898E+00 2.023970E+01
8.979592E+00 2.448980E+00 2.137000E+01
8.979592E+00 2.653061E+00 2.248363E+01
8.979592E+00 2.857143E+00 2.356889E+01
8.979592E+00 3.061224E+00 2.461296E+01
8.979592E+00 3.265306E+00 2.560198E+01
8.979592E+00 3.469388E+00 2.652134E+01
8.979592E+00 3.673469E+00 2.735592E+01
8.979592E+00 3.877551E+00 2.809060E+01
8.979592E+00 4.081633E+00 2.871072E+01
8.979592E+00 4.285714E+00 2.920271E+01
8.979592E+00 4.489796E+00 2.955468E+01
8.979592E+00 4.693878E+00 2.975697E+01
8.979592E+00 4.897959E+00 2.980267E+01
8.979592E+00 5.102041E+00 2.968797E+01
8.979592E+00 5.306122E+00 2.941235E+01
8.979592E+00 5.510204E+00 2.897858E+01
8.979592E+00 5.714286E+00 2.839252E+01
8.979592E+00 5.918367E+00 2.766273E+01
8.979592E+00 6.122449E+00 2.680003E+01
8.979592E+00 6.326531E+00 2.581682E+01
8.979592E+00 6.530612E+00 2.472657E+01
8.979592E+00 6.734694E+00 2.354315E+01
8.979592E+00 6.938776E+00 2.228031E+01
8.979592E+00 7.142857E+00 2.095124E+01
8.979592E+00 7.346939E+00 1.956825E+01
8.979592E+00 7.551020E+00 1.814245E+01
8.979592E+00 7.755102E+00 1.668366E+01
8.979592E+00 7.959184E+00 1.520031E+01
8.979592E+00 8.163265E+00 1.369946E+01
8.979592E+00 8.367347E+00 1.218683E+01
8.979592E+00 8.571429E+00 1.066691E+01
8.979592E+00 8.775510E+00 9.143076E+00
8.979592E+00 8.979592E+00 7.617706E+00
8.979592E+00 9.183673E+00 6.092336E+00
8.979592E+00 9.387755E+00 4.567799E+00
8.979592E+00 9.591837E+00 3.044370E+00
8.979592E+00 9.795918E+00 1.521909E+00
8.979592E+00 1.000000E+01 0.000000E+00

9.183673E+00 0.000000E+00 7.496876E+00
9.183673E+00 2.040816E-01 8.069796E+00
9.183673E+00 4.081633E-01 8.712784E+00
9.183673E+00 6.122449E-01 9.414129E+00
9.183673E+00 8.163265E-01 1.016404E+01
9.183673E+00 1.020408E+00 1.095439E+01
9.183673E+00 1.224490E+00 1.177820E+01
9.183673E+00 1.428571E+00 1.262920E+01
9.183673E+00 1.632653E+00 1.350137E+01
9.183673E+00 1.836735E+00 1.438861E+01
9.183673E+00 2.040816E+00 1.528449E+01
9.183673E+00 2.244898E+00 1.618202E+01
9.183673E+00 2.448980E+00 1.707352E+01
9.183673E+00 2.653061E+00 1.795051E+01
9.183673E+00 2.857143E+00 1.880369E+01
9.183673E+00 3.061224E+00 1.962295E+01
9.183673E+00 3.265306E+00 2.039748E+01
9.183673E+00 3.469388E+00 2.111594E+01
9.183673E+00 3.673469E+00 2.176672E+01
9.183673E+00 3.877551E+00 2.233828E+01
9.183673E+00 4.081633E+00 2.281951E+01
9.183673E+00 4.285714E+00 2.320015E+01
9.183673E+00 4.489796E+00 2.347126E+01
9.183673E+00 4.693878E+00 2.362561E+01
9.183673E+00 4.897959E+00 2.365802E+01
9.183673E+00 5.102041E+00 2.356563E+01
9.183673E+00 5.306122E+00 2.334801E+01
9.183673E+00 5.510204E+00 2.300718E+01
9.183673E+00 5.714286E+00 2.254748E+01
9.183673E+00 5.918367E+00 2.197525E+01
9.183673E+00 6.122449E+00 2.129855E+01
9.183673E+00 6.326531E+00 2.052669E+01
9.183673E+00 6.530612E+00 1.966981E+01
9.183673E+00 6.734694E+00 1.873843E+01
9.183673E+00 6.938776E+00 1.774306E+01
9.183673E+00 7.142857E+00 1.669385E+01
9.183673E+00 7.346939E+00 1.560033E+01
9.183673E+00 7.551020E+00 1.447119E+01
9.183673E+00 7.755102E+00 1.331419E+01
9.183673E+00 7.959184E+00 1.213602E+01
9.183673E+00 8.163265E+00 1.094237E+01
9.183673E+00 8.367347E+00 9.737901E+00
9.183673E+00 8.571429E+00 8.526310E+00
9.183673E+00 8.775510E+00 7.310435E+00
9.183673E+00 8.979592E+00 6.092336E+00
9.183673E+00 9.183673E+00 4.873404E+00
9.183673E+00 9.387755E+00 3.654472E+00
9.183673E+00 9.591837E+00 2.435927E+00
9.183673E+00 9.795918E+00 1.217826E+00
9.183673E+00 1.000000E+01 0.000000E+00

9.387755E+00 0.000000E+00 5.747605E+00
9.387755E+00 2.040816E-01 6.141039E+00
9.387755E+00 4.081633E-01 6.600214E+00
9.387755E+00 6.122449E-01 7.110989E+00
9.387755E+00 8.163265E-01 7.662731E+00
9.387755E+00 1.020408E+00 8.247381E+00
9.387755E+00 1.224490E+00 8.858539E+00
9.387755E+00 1.428571E+00 9.490758E+00
9.387755E+00 1.632653E+00 1.013904E+01
9.387755E+00 1.836735E+00 1.079849E+01
9.387755E+00 2.040816E+00 1.146406E+01
9.387755E+00 2.244898E+00 1.213035E+01
9.387755E+00 2.448980E+00 1.279152E+01
9.387755E+00 2.653061E+00 1.344117E+01
9.387755E+00 2.857143E+00 1.407235E+01
9.387755E+00 3.061224E+00 1.467758E+01
9.387755E+00 3.265306E+00 1.524889E+01
9.387755E+00 3.469388E+00 1.577801E+01
9.387755E+00 3.673469E+00 1.625648E+01
9.387755E+00 3.877551E+00 1.667596E+01
9.387755E+00 4.081633E+00 1.702845E+01
9.387755E+00 4.285714E+00 1.730660E+01
9.387755E+00 4.489796E+00 1.750403E+01
9.387755E+00 4.693878E+00 1.761557E+01
9.387755E+00 4.897959E+00 1.763753E+01
9.387755E+00 5.102041E+00 1.756786E+01
9.387755E+00 5.306122E+00 1.740624E+01
9.387755E+00 5.510204E+00 1.715409E+01
9.387755E+00 5.714286E+00 1.681444E+01
9.387755E+00 5.918367E+00 1.639180E+01
9.387755E+00 6.122449E+00 1.589188E+01
9.387755E+00 6.326531E+00 1.532130E+01
9.387755E+00 6.530612E+00 1.468734E+01
9.387755E+00 6.734694E+00 1.399755E+01
9.387755E+00 6.938776E+00 1.325954E+01
9.387755E+00 7.142857E+00 1.248069E+01
9.387755E+00 7.346939E+00 1.166797E+01
9.387755E+00 7.551020E+00 1.082778E+01
9.387755E+00 7.755102E+00 9.965860E+00
9.387755E+00 7.959184E+00 9.087215E+00
9.387755E+00 8.163265E+00 8.196114E+00
9.387755E+00 8.367347E+00 7.296092E+00
9.387755E+00 8.571429E+00 6.389993E+00
9.387755E+00 8.775510E+00 5.480018E+00
9.387755E+00 8.979592E+00 4.567799E+00
9.387755E+00 9.183673E+00 3.654472E+00
9.387755E+00 9.387755E+00 2.740757E+00
9.387755E+00 9.591837E+00 1.827042E+00
9.387755E+00 9.795918E+00 9.134659E-01
9.387755E+00 1.000000E+01 0.000000E+00

9.591837E+00 0.000000E+00 3.915035E+00
9.591837E+00 2.040816E-01 4.146544E+00
9.591837E+00 4.081633E-01 4.436041E+00
9.591837E+00 6.122449E-01 4.766884E+00
9.591837E+00 8.163265E-01 5.128512E+00
9.591837E+00 1.020408E+00 5.513868E+00
9.591837E+00 1.224490E+00 5.917817E+00
9.591837E+00 1.428571E+00 6.336247E+00
9.591837E+00 1.632653E+00 6.765543E+00
9.591837E+00 1.836735E+00 7.202258E+00
9.591837E+00 2.040816E+00 7.642902E+00
9.591837E+00 2.244898E+00 8.083805E+00
9.591837E+00 2.448980E+00 8.521020E+00
9.591837E+00 2.653061E+00 8.950273E+00
9.591837E+00 2.857143E+00 9.366944E+00
9.591837E+00 3.061224E+00 9.766080E+00
9.591837E+00 3.265306E+00 1.014245E+01
9.591837E+00 3.469388E+00 1.049063E+01
9.591837E+00 3.673469E+00 1.080511E+01
9.591837E+00 3.877551E+00 1.108047E+01
9.591837E+00 4.081633E+00 1.131154E+01
9.591837E+00 4.285714E+00 1.149357E+01
9.591837E+00 4.489796E+00 1.162244E+01
9.591837E+00 4.693878E+00 1.169484E+01
9.591837E+00 4.897959E+00 1.170839E+01
9.591837E+00 5.102041E+00 1.166176E+01
9.591837E+00 5.306122E+00 1.155475E+01
9.591837E+00 5.510204E+00 1.138825E+01
9.591837E+00 5.714286E+00 1.116419E+01
9.591837E+00 5.918367E+00 1.088546E+01
9.591837E+00 6.122449E+00 1.055570E+01
9.591837E+00 6.326531E+00 1.017919E+01
9.591837E+00 6.530612E+00 9.760607E+00
9.591837E+00 6.734694E+00 9.304841E+00
9.591837E+00 6.938776E+00 8.816829E+00
9.591837E+00 7.142857E+00 8.301385E+00
9.591837E+00 7.346939E+00 7.763070E+00
9.591837E+00 7.551020E+00 7.206095E+00
9.591837E+00 7.755102E+00 6.634249E+00
9.591837E+00 7.959184E+00 6.050858E+00
9.591837E+00 8.163265E+00 5.458771E+00
9.591837E+00 8.367347E+00 4.860361E+00
9.591837E+00 8.571429E+00 4.257551E+00
9.591837E+00 8.775510E+00 3.651845E+00
9.591837E+00 8.979592E+00 3.044370E+00
9.591837E+00 9.183673E+00 2.435927E+00
9.591837E+00 9.387755E+00 1.827042E+00
9.591837E+00 9.591837E+00 1.218019E+00
9.591837E+00 9.795918E+00 6.089957E-01
9.591837E+00 1.000000E+01 0.000000E+00

9.795918E+00 0.000000E+00 1.999167E+00
9.795918E+00 2.040816E-01 2.094058E+00
9.795918E+00 4.081633E-01 2.230523E+00
9.795918E+00 6.122449E-01 2.391994E+00
9.795918E+00 8.163265E-01 2.570567E+00
9.795918E+00 1.020408E+00 2.761762E+00
9.795918E+00 1.224490E+00 2.962613E+00
9.795918E+00 1.428571E+00 3.170872E+00
9.795918E+00 1.632653E+00 3.384627E+00
9.795918E+00 1.836735E+00 3.602092E+00
9.795918E+00 2.040816E+00 3.821484E+00
9.795918E+00 2.244898E+00 4.040942E+00
9.795918E+00 2.448980E+00 4.258479E+00
9.795918E+00 2.653061E+00 4.471953E+00
9.795918E+00 2.857143E+00 4.679058E+00
9.795918E+00 3.061224E+00 4.877330E+00
9.795918E+00 3.265306E+00 5.064174E+00
9.795918E+00 3.469388E+00 5.236907E+00
9.795918E+00 3.673469E+00 5.392816E+00
9.795918E+00 3.877551E+00 5.529229E+00
9.795918E+00 4.081633E+00 5.643602E+00
9.795918E+00 4.285714E+00 5.733610E+00
9.795918E+00 4.489796E+00 5.797236E+00
9.795918E+00 4.693878E+00 5.832855E+00
9.795918E+00 4.897959E+00 5.839306E+00
9.795918E+00 5.102041E+00 5.815940E+00
9.795918E+00 5.306122E+00 5.762651E+00
9.795918E+00 5.510204E+00 5.679870E+00
9.795918E+00 5.714286E+00 5.568540E+00
9.795918E+00 5.918367E+00 5.430063E+00
9.795918E+00 6.122449E+00 5.266226E+00
9.795918E+00 6.326531E+00 5.079114E+00
9.795918E+00 6.530612E+00 4.871021E+00
9.795918E+00 6.734694E+00 4.644351E+00
9.795918E+00 6.938776E+00 4.401530E+00
9.795918E+00 7.142857E+00 4.144935E+00
9.795918E+00 7.346939E+00 3.876821E+00
9.795918E+00 7.551020E+00 3.599275E+00
9.795918E+00 7.755102E+00 3.314180E+00
9.795918E+00 7.959184E+00 3.023197E+00
9.795918E+00 8.163265E+00 2.727749E+00
9.795918E+00 8.367347E+00 2.429029E+00
9.795918E+00 8.571429E+00 2.128005E+00
9.795918E+00 8.775510E+00 1.825440E+00
9.795918E+00 8.979592E+00 1.521909E+00
9.795918E+00 9.183673E+00 1.217826E+00
9.795918E+00 9.387755E+00 9.134659E-01
9.795918E+00 9.591837E+00 6.089957E-01
9.795918E+00 9.795918E+00 3.044979E-01
9.795918E+00 1.000000E+01 0.000000E+00

1.000000E+01 0.000000E+00 0.000000E+00
1.000000E+01 2.040816E-01 0.000000E+00
1.000000E+01 4.081633E-01 -3.552714E-15
1.000000E+01 6.122449E-01 1.415583E-14
1.000000E+01 8.163265E-01 -1.938046E-14
1.000000E+01 1.020408E+00 7.329163E-15
1.000000E+01 1.224490E+00 -7.353973E-15
1.000000E+01 1.428571E+00 -1.718633E-14
1.000000E+01 1.632653E+00 -1.965757E-14
1.000000E+01 1.836735E+00 1.966658E-14
1.000000E+01 2.040816E+00 -2.458996E-15
1.000000E+01 2.244898E+00 -1.229709E-14
1.000000E+01 2.448980E+00 -1.475816E-14
1.000000E+01 2.653061E+00 -0.000000E+00
1.000000E+01 2.857143E+00 4.182017E-14
1.000000E+01 3.061224E+00 -2.460103E-15
1.000000E+01 3.265306E+00 3.198221E-14
1.000000E+01 3.469388E+00 -2.706242E-14
1.000000E+01 3.673469E+00 -2.460258E-14
1.000000E+01 3.877551E+00 -1.722201E-14
1.000000E+01 4.081633E+00 -1.230155E-14
1.000000E+01 4.285714E+00 3.444459E-14
1.000000E+01 4.489796E+00 5.166718E-14
1.000000E+01 4.693878E+00 -4.920706E-15
1.000000E+01 4.897959E+00 -3.444507E-14
1.000000E+01 5.102041E+00 7.381109E-15
1.000000E+01 5.306122E+00 3.198489E-14
1.000000E+01 5.510204E+00 2.460381E-15
1.000000E+01 5.714286E+00 -1.968308E-14
1.000000E+01 5.918367E+00 1.722272E-14
1.000000E+01 6.122449E+00 -1.476235E-14
1.000000E+01 6.326531E+00 1.476237E-14
1.000000E+01 6.530612E+00 1.968317E-14
1.000000E+01 6.734694E+00 -4.674757E-14
1.000000E+01 6.938776E+00 2.214360E-14
1.000000E+01 7.142857E+00 7.381205E-15
1.000000E+01 7.346939E+00 1.230201E-14
1.000000E+01 7.551020E+00 2.460404E-14
1.000000E+01 7.755102E+00 1.230202E-15
1.000000E+01 7.959184E+00 4.920811E-15
1.000000E+01 8.163265E+00 8.611421E-15
1.000000E+01 8.367347E+00 -6.151017E-15
1.000000E+01 8.571429E+00 7.381221E-15
1.000000E+01 8.775510E+00 1.045673E-14
1.000000E+01 8.979592E+00 -3.075510E-15
1.000000E+01 9.183673E+00 -5.228368E-15
1.000000E+01 9.387755E+00 -2.921735E-15
1.000000E+01 9.591837E+00 -0.000000E+00
1.000000E+01 9.795918E+00 0.000000E+00
1.000000E+01 1.000000E+01 0.000000E+00

