2.000000E+00 1.100000E+02
2.010000E+00 1.089055E+02
2.020000E+00 1.078218E+02
2.030000E+00 1.067488E+02
2.040000E+00 1.056863E+02
2.050000E+00 1.046341E+02
2.060000E+00 1.035922E+02
2.070000E+00 1.025604E+02
2.080000E+00 1.015385E+02
2.090000E+00 1.005263E+02
2.100000E+00 9.952381E+01
2.110000E+00 9.853081E+01
2.120000E+00 9.754717E+01
2.130000E+00 9.657277E+01
2.140000E+00 9.560748E+01
2.150000E+00 9.465116E+01
2.160000E+00 9.370370E+01
2.170000E+00 9.276498E+01
2.180000E+00 9.183486E+01
2.190000E+00 9.091324E+01
2.200000E+00 9.000000E+01
2.210000E+00 8.909502E+01
2.220000E+00 8.819820E+01
2.230000E+00 8.730942E+01
2.240000E+00 8.642857E+01
2.250000E+00 8.555556E+01
2.260000E+00 8.469027E+01
2.270000E+00 8.383260E+01
2.280000E+00 8.298246E+01
2.290000E+00 8.213974E+01
2.300000E+00 8.130435E+01
2.310000E+00 8.047619E+01
2.320000E+00 7.965517E+01
2.330000E+00 7.884120E+01
2.340000E+00 7.803419E+01
2.350000E+00 7.723404E+01
2.360000E+00 7.644068E+01
2.370000E+00 7.565401E+01
2.380000E+00 7.487395E+01
2.390000E+00 7.410042E+01
2.400000E+00 7.333333E+01
2.410000E+00 7.257261E+01
2.420000E+00 7.181818E+01
2.430000E+00 7.106996E+01
2.440000E+00 7.032787E+01
2.450000E+00 6.959184E+01
2.460000E+00 6.886179E+01
2.470000E+00 6.813765E+01
2.480000E+00 6.741935E+01
2.490000E+00 6.670683E+01
2.500000E+00 6.600000E+01
2.510000E+00 6.529880E+01
2.520000E+00 6.460317E+01
2.530000E+00 6.391304E+01
2.540000E+00 6.322835E+01
2.550000E+00 6.254902E+01
2.560000E+00 6.187500E+01
2.570000E+00 6.120623E+01
2.580000E+00 6.054264E+01
2.590000E+00 5.988417E+01
2.600000E+00 5.923077E+01
2.610000E+00 5.858238E+01
2.620000E+00 5.793893E+01
2.630000E+00 5.730038E+01
2.640000E+00 5.666667E+01
2.650000E+00 5.603774E+01
2.660000E+00 5.541353E+01
2.670000E+00 5.479401E+01
2.680000E+00 5.417910E+01
2.690000E+00 5.356877E+01
2.700000E+00 5.296296E+01
2.710000E+00 5.236162E+01
2.720000E+00 5.176471E+01
2.730000E+00 5.117216E+01
2.740000E+00 5.058394E+01
2.750000E+00 5.000000E+01
2.760000E+00 4.942029E+01
2.770000E+00 4.884477E+01
2.780000E+00 4.827338E+01
2.790000E+00 4.770609E+01
2.800000E+00 4.714286E+01
2.810000E+00 4.658363E+01
2.820000E+00 4.602837E+01
2.830000E+00 4.547703E+01
2.840000E+00 4.492958E+01
2.850000E+00 4.438596E+01
2.860000E+00 4.384615E+01
2.870000E+00 4.331010E+01
2.880000E+00 4.277778E+01
2.890000E+00 4.224913E+01
2.900000E+00 4.172414E+01
2.910000E+00 4.120275E+01
2.920000E+00 4.068493E+01
2.930000E+00 4.017065E+01
2.940000E+00 3.965986E+01
2.950000E+00 3.915254E+01
2.960000E+00 3.864865E+01
2.970000E+00 3.814815E+01
2.980000E+00 3.765101E+01
2.990000E+00 3.715719E+01
3.000000E+00 3.666667E+01
3.010000E+00 3.617940E+01
3.020000E+00 3.569536E+01
3.030000E+00 3.521452E+01
3.040000E+00 3.473684E+01
3.050000E+00 3.426230E+01
3.060000E+00 3.379085E+01
3.070000E+00 3.332248E+01
3.080000E+00 3.285714E+01
3.090000E+00 3.239482E+01
3.100000E+00 3.193548E+01
3.110000E+00 3.147910E+01
3.120000E+00 3.102564E+01
3.130000E+00 3.057508E+01
3.140000E+00 3.012739E+01
3.150000E+00 2.968254E+01
3.160000E+00 2.924051E+01
3.170000E+00 2.880126E+01
3.180000E+00 2.836478E+01
3.190000E+00 2.793103E+01
3.200000E+00 2.750000E+01
3.210000E+00 2.707165E+01
3.220000E+00 2.664596E+01
3.230000E+00 2.622291E+01
3.240000E+00 2.580247E+01
3.250000E+00 2.538462E+01
3.260000E+00 2.496933E+01
3.270000E+00 2.455657E+01
3.280000E+00 2.414634E+01
3.290000E+00 2.373860E+01
3.300000E+00 2.333333E+01
3.310000E+00 2.293051E+01
3.320000E+00 2.253012E+01
3.330000E+00 2.213213E+01
3.340000E+00 2.173653E+01
3.350000E+00 2.134328E+01
3.360000E+00 2.095238E+01
3.370000E+00 2.056380E+01
3.380000E+00 2.017751E+01
3.390000E+00 1.979351E+01
3.400000E+00 1.941176E+01
3.410000E+00 1.903226E+01
3.420000E+00 1.865497E+01
3.430000E+00 1.827988E+01
3.440000E+00 1.790698E+01
3.450000E+00 1.753623E+01
3.460000E+00 1.716763E+01
3.470000E+00 1.680115E+01
3.480000E+00 1.643678E+01
3.490000E+00 1.607450E+01
3.500000E+00 1.571429E+01
3.510000E+00 1.535613E+01
3.520000E+00 1.500000E+01
3.530000E+00 1.464589E+01
3.540000E+00 1.429379E+01
3.550000E+00 1.394366E+01
3.560000E+00 1.359551E+01
3.570000E+00 1.324930E+01
3.580000E+00 1.290503E+01
3.590000E+00 1.256267E+01
3.600000E+00 1.222222E+01
3.610000E+00 1.188366E+01
3.620000E+00 1.154696E+01
3.630000E+00 1.121212E+01
3.640000E+00 1.087912E+01
3.650000E+00 1.054795E+01
3.660000E+00 1.021858E+01
3.670000E+00 9.891008E+00
3.680000E+00 9.565217E+00
3.690000E+00 9.241192E+00
3.700000E+00 8.918919E+00
3.710000E+00 8.598383E+00
3.720000E+00 8.279570E+00
3.730000E+00 7.962466E+00
3.740000E+00 7.647059E+00
3.750000E+00 7.333333E+00
3.760000E+00 7.021277E+00
3.770000E+00 6.710875E+00
3.780000E+00 6.402116E+00
3.790000E+00 6.094987E+00
3.800000E+00 5.789474E+00
3.810000E+00 5.485564E+00
3.820000E+00 5.183246E+00
3.830000E+00 4.882507E+00
3.840000E+00 4.583333E+00
3.850000E+00 4.285714E+00
3.860000E+00 3.989637E+00
3.870000E+00 3.695090E+00
3.880000E+00 3.402062E+00
3.890000E+00 3.110540E+00
3.900000E+00 2.820513E+00
3.910000E+00 2.531969E+00
3.920000E+00 2.244898E+00
3.930000E+00 1.959288E+00
3.940000E+00 1.675127E+00
3.950000E+00 1.392405E+00
3.960000E+00 1.111111E+00
3.970000E+00 8.312343E-01
3.980000E+00 5.527638E-01
3.990000E+00 2.756892E-01
4.000000E+00 3.663736E-15
