0.000000E+00 0.000000E+00 0.000000E+00
0.000000E+00 2.040816E-01 1.999167E+00
0.000000E+00 4.081633E-01 3.915035E+00
0.000000E+00 6.122449E-01 5.747605E+00
0.000000E+00 8.163265E-01 7.496876E+00
0.000000E+00 1.020408E+00 9.162849E+00
0.000000E+00 1.224490E+00 1.074552E+01
0.000000E+00 1.428571E+00 1.224490E+01
0.000000E+00 1.632653E+00 1.366097E+01
0.000000E+00 1.836735E+00 1.499375E+01
0.000000E+00 2.040816E+00 1.624323E+01
0.000000E+00 2.244898E+00 1.740941E+01
0.000000E+00 2.448980E+00 1.849229E+01
0.000000E+00 2.653061E+00 1.949188E+01
0.000000E+00 2.857143E+00 2.040816E+01
0.000000E+00 3.061224E+00 2.124115E+01
0.000000E+00 3.265306E+00 2.199084E+01
0.000000E+00 3.469388E+00 2.265723E+01
0.000000E+00 3.673469E+00 2.324032E+01
0.000000E+00 3.877551E+00 2.374011E+01
0.000000E+00 4.081633E+00 2.415660E+01
0.000000E+00 4.285714E+00 2.448980E+01
0.000000E+00 4.489796E+00 2.473969E+01
0.000000E+00 4.693878E+00 2.490629E+01
0.000000E+00 4.897959E+00 2.498959E+01
0.000000E+00 5.102041E+00 2.498959E+01
0.000000E+00 5.306122E+00 2.490629E+01
0.000000E+00 5.510204E+00 2.473969E+01
0.000000E+00 5.714286E+00 2.448980E+01
0.000000E+00 5.918367E+00 2.415660E+01
0.000000E+00 6.122449E+00 2.374011E+01
0.000000E+00 6.326531E+00 2.324032E+01
0.000000E+00 6.530612E+00 2.265723E+01
0.000000E+00 6.734694E+00 2.199084E+01
0.000000E+00 6.938776E+00 2.124115E+01
0.000000E+00 7.142857E+00 2.040816E+01
0.000000E+00 7.346939E+00 1.949188E+01
0.000000E+00 7.551020E+00 1.849229E+01
0.000000E+00 7.755102E+00 1.740941E+01
0.000000E+00 7.959184E+00 1.624323E+01
0.000000E+00 8.163265E+00 1.499375E+01
0.000000E+00 8.367347E+00 1.366097E+01
0.000000E+00 8.571429E+00 1.224490E+01
0.000000E+00 8.775510E+00 1.074552E+01
0.000000E+00 8.979592E+00 9.162849E+00
0.000000E+00 9.183673E+00 7.496876E+00
0.000000E+00 9.387755E+00 5.747605E+00
0.000000E+00 9.591837E+00 3.915035E+00
0.000000E+00 9.795918E+00 1.999167E+00
0.000000E+00 1.000000E+01 0.000000E+00

2.040816E-01 0.000000E+00 1.999167E+00
2.040816E-01 2.040816E-01 3.872615E+00
2.040816E-01 4.081633E-01 5.746063E+00
2.040816E-01 6.122449E-01 7.586556E+00
2.040816E-01 8.163265E-01 9.378527E+00
2.040816E-01 1.020408E+00 1.111334E+01
2.040816E-01 1.224490E+00 1.278549E+01
2.040816E-01 1.428571E+00 1.439109E+01
2.040816E-01 1.632653E+00 1.592703E+01
2.040816E-01 1.836735E+00 1.739071E+01
2.040816E-01 2.040816E+00 1.877972E+01
2.040816E-01 2.244898E+00 2.009172E+01
2.040816E-01 2.448980E+00 2.132437E+01
2.040816E-01 2.653061E+00 2.247527E+01
2.040816E-01 2.857143E+00 2.354192E+01
2.040816E-01 3.061224E+00 2.452171E+01
2.040816E-01 3.265306E+00 2.541197E+01
2.040816E-01 3.469388E+00 2.620994E+01
2.040816E-01 3.673469E+00 2.691290E+01
2.040816E-01 3.877551E+00 2.751817E+01
2.040816E-01 4.081633E+00 2.802320E+01
2.040816E-01 4.285714E+00 2.842570E+01
2.040816E-01 4.489796E+00 2.872367E+01
2.040816E-01 4.693878E+00 2.891550E+01
2.040816E-01 4.897959E+00 2.900005E+01
2.040816E-01 5.102041E+00 2.897669E+01
2.040816E-01 5.306122E+00 2.884530E+01
2.040816E-01 5.510204E+00 2.860630E+01
2.040816E-01 5.714286E+00 2.826063E+01
2.040816E-01 5.918367E+00 2.780966E+01
2.040816E-01 6.122449E+00 2.725516E+01
2.040816E-01 6.326531E+00 2.659920E+01
2.040816E-01 6.530612E+00 2.584406E+01
2.040816E-01 6.734694E+00 2.499214E+01
2.040816E-01 6.938776E+00 2.404591E+01
2.040816E-01 7.142857E+00 2.300779E+01
2.040816E-01 7.346939E+00 2.188013E+01
2.040816E-01 7.551020E+00 2.066516E+01
2.040816E-01 7.755102E+00 1.936495E+01
2.040816E-01 7.959184E+00 1.798143E+01
2.040816E-01 8.163265E+00 1.651637E+01
2.040816E-01 8.367347E+00 1.497144E+01
2.040816E-01 8.571429E+00 1.334822E+01
2.040816E-01 8.775510E+00 1.164832E+01
2.040816E-01 8.979592E+00 9.873485E+00
2.040816E-01 9.183673E+00 8.025786E+00
2.040816E-01 9.387755E+00 6.108028E+00
2.040816E-01 9.591837E+00 4.124536E+00
2.040816E-01 9.795918E+00 2.083054E+00
2.040816E-01 1.000000E+01 0.000000E+00

4.081633E-01 0.000000E+00 3.915035E+00
4.081633E-01 2.040816E-01 5.746063E+00
4.081633E-01 4.081633E-01 7.610046E+00
4.081633E-01 6.122449E-01 9.474029E+00
4.081633E-01 8.163265E-01 1.131734E+01
4.081633E-01 1.020408E+00 1.312648E+01
4.081633E-01 1.224490E+00 1.489203E+01
4.081633E-01 1.428571E+00 1.660691E+01
4.081633E-01 1.632653E+00 1.826536E+01
4.081633E-01 1.836735E+00 1.986235E+01
4.081633E-01 2.040816E+00 2.139321E+01
4.081633E-01 2.244898E+00 2.285336E+01
4.081633E-01 2.448980E+00 2.423819E+01
4.081633E-01 2.653061E+00 2.554291E+01
4.081633E-01 2.857143E+00 2.676252E+01
4.081633E-01 3.061224E+00 2.789180E+01
4.081633E-01 3.265306E+00 2.892536E+01
4.081633E-01 3.469388E+00 2.985767E+01
4.081633E-01 3.673469E+00 3.068317E+01
4.081633E-01 3.877551E+00 3.139643E+01
4.081633E-01 4.081633E+00 3.199231E+01
4.081633E-01 4.285714E+00 3.246610E+01
4.081633E-01 4.489796E+00 3.281374E+01
4.081633E-01 4.693878E+00 3.303195E+01
4.081633E-01 4.897959E+00 3.311840E+01
4.081633E-01 5.102041E+00 3.307177E+01
4.081633E-01 5.306122E+00 3.289187E+01
4.081633E-01 5.510204E+00 3.257955E+01
4.081633E-01 5.714286E+00 3.213673E+01
4.081633E-01 5.918367E+00 3.156623E+01
4.081633E-01 6.122449E+00 3.087166E+01
4.081633E-01 6.326531E+00 3.005725E+01
4.081633E-01 6.530612E+00 2.912765E+01
4.081633E-01 6.734694E+00 2.808776E+01
4.081633E-01 6.938776E+00 2.694255E+01
4.081633E-01 7.142857E+00 2.569696E+01
4.081633E-01 7.346939E+00 2.435570E+01
4.081633E-01 7.551020E+00 2.292327E+01
4.081633E-01 7.755102E+00 2.140381E+01
4.081633E-01 7.959184E+00 1.980117E+01
4.081633E-01 8.163265E+00 1.811887E+01
4.081633E-01 8.367347E+00 1.636018E+01
4.081633E-01 8.571429E+00 1.452822E+01
4.081633E-01 8.775510E+00 1.262606E+01
4.081633E-01 8.979592E+00 1.065698E+01
4.081633E-01 9.183673E+00 8.624754E+00
4.081633E-01 9.387755E+00 6.534187E+00
4.081633E-01 9.591837E+00 4.392024E+00
4.081633E-01 9.795918E+00 2.208515E+00
4.081633E-01 1.000000E+01 0.000000E+00

6.122449E-01 0.000000E+00 5.747605E+00
6.122449E-01 2.040816E-01 7.586556E+00
6.122449E-01 4.081633E-01 9.474029E+00
6.122449E-01 6.122449E-01 1.138217E+01
6.122449E-01 8.163265E-01 1.329032E+01
6.122449E-01 1.020408E+00 1.518321E+01
6.122449E-01 1.224490E+00 1.704925E+01
6.122449E-01 1.428571E+00 1.887917E+01
6.122449E-01 1.632653E+00 2.066515E+01
6.122449E-01 1.836735E+00 2.240012E+01
6.122449E-01 2.040816E+00 2.407740E+01
6.122449E-01 2.244898E+00 2.569034E+01
6.122449E-01 2.448980E+00 2.723212E+01
6.122449E-01 2.653061E+00 2.869564E+01
6.122449E-01 2.857143E+00 3.007343E+01
6.122449E-01 3.061224E+00 3.135761E+01
6.122449E-01 3.265306E+00 3.253999E+01
6.122449E-01 3.469388E+00 3.361216E+01
6.122449E-01 3.673469E+00 3.456562E+01
6.122449E-01 3.877551E+00 3.539202E+01
6.122449E-01 4.081633E+00 3.608343E+01
6.122449E-01 4.285714E+00 3.663258E+01
6.122449E-01 4.489796E+00 3.703315E+01
6.122449E-01 4.693878E+00 3.728007E+01
6.122449E-01 4.897959E+00 3.736971E+01
6.122449E-01 5.102041E+00 3.730004E+01
6.122449E-01 5.306122E+00 3.707075E+01
6.122449E-01 5.510204E+00 3.668321E+01
6.122449E-01 5.714286E+00 3.614042E+01
6.122449E-01 5.918367E+00 3.544679E+01
6.122449E-01 6.122449E+00 3.460794E+01
6.122449E-01 6.326531E+00 3.363044E+01
6.122449E-01 6.530612E+00 3.252150E+01
6.122449E-01 6.734694E+00 3.128865E+01
6.122449E-01 6.938776E+00 2.993957E+01
6.122449E-01 7.142857E+00 2.848177E+01
6.122449E-01 7.346939E+00 2.692245E+01
6.122449E-01 7.551020E+00 2.526839E+01
6.122449E-01 7.755102E+00 2.352585E+01
6.122449E-01 7.959184E+00 2.170056E+01
6.122449E-01 8.163265E+00 1.979774E+01
6.122449E-01 8.367347E+00 1.782220E+01
6.122449E-01 8.571429E+00 1.577841E+01
6.122449E-01 8.775510E+00 1.367073E+01
6.122449E-01 8.979592E+00 1.150363E+01
6.122449E-01 9.183673E+00 9.282061E+00
6.122449E-01 9.387755E+00 7.011942E+00
6.122449E-01 9.591837E+00 4.700858E+00
6.122449E-01 9.795918E+00 2.358983E+00
6.122449E-01 1.000000E+01 0.000000E+00

8.163265E-01 0.000000E+00 7.496876E+00
8.163265E-01 2.040816E-01 9.378527E+00
8.163265E-01 4.081633E-01 1.131734E+01
8.163265E-01 6.122449E-01 1.329032E+01
8.163265E-01 8.163265E-01 1.527856E+01
8.163265E-01 1.020408E+00 1.726679E+01
8.163265E-01 1.224490E+00 1.924257E+01
8.163265E-01 1.428571E+00 2.119538E+01
8.163265E-01 1.632653E+00 2.311593E+01
8.163265E-01 1.836735E+00 2.499559E+01
8.163265E-01 2.040816E+00 2.682593E+01
8.163265E-01 2.244898E+00 2.859846E+01
8.163265E-01 2.448980E+00 3.030430E+01
8.163265E-01 2.653061E+00 3.193411E+01
8.163265E-01 2.857143E+00 3.347791E+01
8.163265E-01 3.061224E+00 3.492517E+01
8.163265E-01 3.265306E+00 3.626479E+01
8.163265E-01 3.469388E+00 3.748528E+01
8.163265E-01 3.673469E+00 3.857502E+01
8.163265E-01 3.877551E+00 3.952247E+01
8.163265E-01 4.081633E+00 4.031665E+01
8.163265E-01 4.285714E+00 4.094742E+01
8.163265E-01 4.489796E+00 4.140598E+01
8.163265E-01 4.693878E+00 4.168522E+01
8.163265E-01 4.897959E+00 4.178005E+01
8.163265E-01 5.102041E+00 4.168766E+01
8.163265E-01 5.306122E+00 4.140762E+01
8.163265E-01 5.510204E+00 4.094191E+01
8.163265E-01 5.714286E+00 4.029475E+01
8.163265E-01 5.918367E+00 3.947239E+01
8.163265E-01 6.122449E+00 3.848274E+01
8.163265E-01 6.326531E+00 3.733498E+01
8.163265E-01 6.530612E+00 3.603915E+01
8.163265E-01 6.734694E+00 3.460574E+01
8.163265E-01 6.938776E+00 3.304527E+01
8.163265E-01 7.142857E+00 3.136806E+01
8.163265E-01 7.346939E+00 2.958392E+01
8.163265E-01 7.551020E+00 2.770198E+01
8.163265E-01 7.755102E+00 2.573063E+01
8.163265E-01 7.959184E+00 2.367747E+01
8.163265E-01 8.163265E+00 2.154935E+01
8.163265E-01 8.367347E+00 1.935246E+01
8.163265E-01 8.571429E+00 1.709249E+01
8.163265E-01 8.775510E+00 1.477481E+01
8.163265E-01 8.979592E+00 1.240474E+01
8.163265E-01 9.183673E+00 9.987919E+00
8.163265E-01 9.387755E+00 7.530663E+00
8.163265E-01 9.591837E+00 5.040482E+00
8.163265E-01 9.795918E+00 2.526557E+00
8.163265E-01 1.000000E+01 0.000000E+00

1.020408E+00 0.000000E+00 9.162849E+00
1.020408E+00 2.040816E-01 1.111334E+01
1.020408E+00 4.081633E-01 1.312648E+01
1.020408E+00 6.122449E-01 1.518321E+01
1.020408E+00 8.163265E-01 1.726679E+01
1.020408E+00 1.020408E+00 1.936283E+01
1.020408E+00 1.224490E+00 2.145887E+01
1.020408E+00 1.428571E+00 2.354385E+01
1.020408E+00 1.632653E+00 2.560761E+01
1.020408E+00 1.836735E+00 2.764035E+01
1.020408E+00 2.040816E+00 2.963228E+01
1.020408E+00 2.244898E+00 3.157325E+01
1.020408E+00 2.448980E+00 3.345250E+01
1.020408E+00 2.653061E+00 3.525852E+01
1.020408E+00 2.857143E+00 3.697888E+01
1.020408E+00 3.061224E+00 3.860027E+01
1.020408E+00 3.265306E+00 4.010856E+01
1.020408E+00 3.469388E+00 4.148897E+01
1.020408E+00 3.673469E+00 4.272642E+01
1.020408E+00 3.877551E+00 4.380587E+01
1.020408E+00 4.081633E+00 4.471285E+01
1.020408E+00 4.285714E+00 4.543399E+01
1.020408E+00 4.489796E+00 4.595758E+01
1.020408E+00 4.693878E+00 4.627418E+01
1.020408E+00 4.897959E+00 4.637699E+01
1.020408E+00 5.102041E+00 4.626229E+01
1.020408E+00 5.306122E+00 4.592956E+01
1.020408E+00 5.510204E+00 4.538148E+01
1.020408E+00 5.714286E+00 4.462379E+01
1.020408E+00 5.918367E+00 4.366487E+01
1.020408E+00 6.122449E+00 4.251530E+01
1.020408E+00 6.326531E+00 4.118732E+01
1.020408E+00 6.530612E+00 3.969421E+01
1.020408E+00 6.734694E+00 3.804972E+01
1.020408E+00 6.938776E+00 3.626762E+01
1.020408E+00 7.142857E+00 3.436124E+01
1.020408E+00 7.346939E+00 3.234314E+01
1.020408E+00 7.551020E+00 3.022495E+01
1.020408E+00 7.755102E+00 2.801720E+01
1.020408E+00 7.959184E+00 2.572933E+01
1.020408E+00 8.163265E+00 2.336972E+01
1.020408E+00 8.367347E+00 2.094581E+01
1.020408E+00 8.571429E+00 1.846428E+01
1.020408E+00 8.775510E+00 1.593127E+01
1.020408E+00 8.979592E+00 1.335261E+01
1.020408E+00 9.183673E+00 1.073421E+01
1.020408E+00 9.387755E+00 8.082307E+00
1.020408E+00 9.591837E+00 5.403851E+00
1.020408E+00 9.795918E+00 2.706764E+00
1.020408E+00 1.000000E+01 0.000000E+00

1.224490E+00 0.000000E+00 1.074552E+01
1.224490E+00 2.040816E-01 1.278549E+01
1.224490E+00 4.081633E-01 1.489203E+01
1.224490E+00 6.122449E-01 1.704925E+01
1.224490E+00 8.163265E-01 1.924257E+01
1.224490E+00 1.020408E+00 2.145887E+01
1.224490E+00 1.224490E+00 2.368621E+01
1.224490E+00 1.428571E+00 2.591355E+01
1.224490E+00 1.632653E+00 2.813030E+01
1.224490E+00 1.836735E+00 3.032593E+01
1.224490E+00 2.040816E+00 3.248957E+01
1.224490E+00 2.244898E+00 3.460971E+01
1.224490E+00 2.448980E+00 3.667389E+01
1.224490E+00 2.653061E+00 3.866850E+01
1.224490E+00 2.857143E+00 4.057868E+01
1.224490E+00 3.061224E+00 4.238826E+01
1.224490E+00 3.265306E+00 4.407988E+01
1.224490E+00 3.469388E+00 4.563518E+01
1.224490E+00 3.673469E+00 4.703522E+01
1.224490E+00 3.877551E+00 4.826097E+01
1.224490E+00 4.081633E+00 4.929394E+01
1.224490E+00 4.285714E+00 5.011696E+01
1.224490E+00 4.489796E+00 5.071491E+01
1.224490E+00 4.693878E+00 5.107552E+01
1.224490E+00 4.897959E+00 5.119000E+01
1.224490E+00 5.102041E+00 5.105351E+01
1.224490E+00 5.306122E+00 5.066545E+01
1.224490E+00 5.510204E+00 5.002940E+01
1.224490E+00 5.714286E+00 4.915293E+01
1.224490E+00 5.918367E+00 4.804703E+01
1.224490E+00 6.122449E+00 4.672551E+01
1.224490E+00 6.326531E+00 4.520420E+01
1.224490E+00 6.530612E+00 4.350018E+01
1.224490E+00 6.734694E+00 4.163100E+01
1.224490E+00 6.938776E+00 3.961404E+01
1.224490E+00 7.142857E+00 3.746597E+01
1.224490E+00 7.346939E+00 3.520237E+01
1.224490E+00 7.551020E+00 3.283742E+01
1.224490E+00 7.755102E+00 3.038387E+01
1.224490E+00 7.959184E+00 2.785292E+01
1.224490E+00 8.163265E+00 2.525438E+01
1.224490E+00 8.367347E+00 2.259678E+01
1.224490E+00 8.571429E+00 1.988756E+01
1.224490E+00 8.775510E+00 1.713336E+01
1.224490E+00 8.979592E+00 1.434024E+01
1.224490E+00 9.183673E+00 1.151401E+01
1.224490E+00 9.387755E+00 8.660503E+00
1.224490E+00 9.591837E+00 5.785851E+00
1.224490E+00 9.795918E+00 2.896649E+00
1.224490E+00 1.000000E+01 0.000000E+00

1.428571E+00 0.000000E+00 1.224490E+01
1.428571E+00 2.040816E-01 1.439109E+01
1.428571E+00 4.081633E-01 1.660691E+01
1.428571E+00 6.122449E-01 1.887917E+01
1.428571E+00 8.163265E-01 2.119538E+01
1.428571E+00 1.020408E+00 2.354385E+01
1.428571E+00 1.224490E+00 2.591355E+01
1.428571E+00 1.428571E+00 2.829383E+01
1.428571E+00 1.632653E+00 3.067410E+01
1.428571E+00 1.836735E+00 3.304346E+01
1.428571E+00 2.040816E+00 3.539033E+01
1.428571E+00 2.244898E+00 3.770206E+01
1.428571E+00 2.448980E+00 3.996471E+01
1.428571E+00 2.653061E+00 4.216271E+01
1.428571E+00 2.857143E+00 4.427875E+01
1.428571E+00 3.061224E+00 4.629373E+01
1.428571E+00 3.265306E+00 4.818679E+01
1.428571E+00 3.469388E+00 4.993565E+01
1.428571E+00 3.673469E+00 5.151698E+01
1.428571E+00 3.877551E+00 5.290712E+01
1.428571E+00 4.081633E+00 5.408288E+01
1.428571E+00 4.285714E+00 5.502250E+01
1.428571E+00 4.489796E+00 5.570675E+01
1.428571E+00 4.693878E+00 5.611993E+01
1.428571E+00 4.897959E+00 5.625077E+01
1.428571E+00 5.102041E+00 5.609311E+01
1.428571E+00 5.306122E+00 5.564625E+01
1.428571E+00 5.510204E+00 5.491493E+01
1.428571E+00 5.714286E+00 5.390900E+01
1.428571E+00 5.918367E+00 5.264270E+01
1.428571E+00 6.122449E+00 5.113379E+01
1.428571E+00 6.326531E+00 4.940246E+01
1.428571E+00 6.530612E+00 4.747031E+01
1.428571E+00 6.734694E+00 4.535934E+01
1.428571E+00 6.938776E+00 4.309107E+01
1.428571E+00 7.142857E+00 4.068593E+01
1.428571E+00 7.346939E+00 3.816272E+01
1.428571E+00 7.551020E+00 3.553839E+01
1.428571E+00 7.755102E+00 3.282785E+01
1.428571E+00 7.959184E+00 3.004406E+01
1.428571E+00 8.163265E+00 2.719809E+01
1.428571E+00 8.367347E+00 2.429934E+01
1.428571E+00 8.571429E+00 2.135582E+01
1.428571E+00 8.775510E+00 1.837436E+01
1.428571E+00 8.979592E+00 1.536097E+01
1.428571E+00 9.183673E+00 1.232107E+01
1.428571E+00 9.387755E+00 9.259846E+00
1.428571E+00 9.591837E+00 6.182402E+00
1.428571E+00 9.795918E+00 3.093979E+00
1.428571E+00 1.000000E+01 0.000000E+00

1.632653E+00 0.000000E+00 1.366097E+01
1.632653E+00 2.040816E-01 1.592703E+01
1.632653E+00 4.081633E-01 1.826536E+01
1.632653E+00 6.122449E-01 2.066515E+01
1.632653E+00 8.163265E-01 2.311593E+01
1.632653E+00 1.020408E+00 2.560761E+01
1.632653E+00 1.224490E+00 2.813030E+01
1.632653E+00 1.428571E+00 3.067410E+01
1.632653E+00 1.632653E+00 3.322879E+01
1.632653E+00 1.836735E+00 3.578346E+01
1.632653E+00 2.040816E+00 3.832612E+01
1.632653E+00 2.244898E+00 4.084335E+01
1.632653E+00 2.448980E+00 4.331991E+01
1.632653E+00 2.653061E+00 4.573843E+01
1.632653E+00 2.857143E+00 4.807921E+01
1.632653E+00 3.061224E+00 5.032006E+01
1.632653E+00 3.265306E+00 5.243641E+01
1.632653E+00 3.469388E+00 5.440153E+01
1.632653E+00 3.673469E+00 5.618711E+01
1.632653E+00 3.877551E+00 5.776404E+01
1.632653E+00 4.081633E+00 5.910348E+01
1.632653E+00 4.285714E+00 6.017813E+01
1.632653E+00 4.489796E+00 6.096369E+01
1.632653E+00 4.693878E+00 6.144019E+01
1.632653E+00 4.897959E+00 6.159328E+01
1.632653E+00 5.102041E+00 6.141515E+01
1.632653E+00 5.306122E+00 6.090501E+01
1.632653E+00 5.510204E+00 6.006910E+01
1.632653E+00 5.714286E+00 5.892016E+01
1.632653E+00 5.918367E+00 5.747653E+01
1.632653E+00 6.122449E+00 5.576086E+01
1.632653E+00 6.326531E+00 5.379871E+01
1.632653E+00 6.530612E+00 5.161716E+01
1.632653E+00 6.734694E+00 4.924345E+01
1.632653E+00 6.938776E+00 4.670394E+01
1.632653E+00 7.142857E+00 4.402326E+01
1.632653E+00 7.346939E+00 4.122378E+01
1.632653E+00 7.551020E+00 3.832529E+01
1.632653E+00 7.755102E+00 3.534494E+01
1.632653E+00 7.959184E+00 3.229729E+01
1.632653E+00 8.163265E+00 2.919451E+01
1.632653E+00 8.367347E+00 2.604667E+01
1.632653E+00 8.571429E+00 2.286201E+01
1.632653E+00 8.775510E+00 1.964730E+01
1.632653E+00 8.979592E+00 1.640819E+01
1.632653E+00 9.183673E+00 1.314948E+01
1.632653E+00 9.387755E+00 9.875405E+00
1.632653E+00 9.591837E+00 6.589930E+00
1.632653E+00 9.795918E+00 3.296865E+00
1.632653E+00 1.000000E+01 0.000000E+00

1.836735E+00 0.000000E+00 1.499375E+01
1.836735E+00 2.040816E-01 1.739071E+01
1.836735E+00 4.081633E-01 1.986235E+01
1.836735E+00 6.122449E-01 2.240012E+01
1.836735E+00 8.163265E-01 2.499559E+01
1.836735E+00 1.020408E+00 2.764035E+01
1.836735E+00 1.224490E+00 3.032593E+01
1.836735E+00 1.428571E+00 3.304346E+01
1.836735E+00 1.632653E+00 3.578346E+01
1.836735E+00 1.836735E+00 3.853536E+01
1.836735E+00 2.040816E+00 4.128717E+01
1.836735E+00 2.244898E+00 4.402500E+01
1.836735E+00 2.448980E+00 4.673261E+01
1.836735E+00 2.653061E+00 4.939103E+01
1.836735E+00 2.857143E+00 5.197821E+01
1.836735E+00 3.061224E+00 5.446880E+01
1.836735E+00 3.265306E+00 5.683417E+01
1.836735E+00 3.469388E+00 5.904266E+01
1.836735E+00 3.673469E+00 6.106016E+01
1.836735E+00 3.877551E+00 6.285110E+01
1.836735E+00 4.081633E+00 6.437980E+01
1.836735E+00 4.285714E+00 6.561217E+01
1.836735E+00 4.489796E+00 6.651755E+01
1.836735E+00 4.693878E+00 6.707066E+01
1.836735E+00 4.897959E+00 6.725326E+01
1.836735E+00 5.102041E+00 6.705545E+01
1.836735E+00 5.306122E+00 6.647637E+01
1.836735E+00 5.510204E+00 6.552416E+01
1.836735E+00 5.714286E+00 6.421531E+01
1.836735E+00 5.918367E+00 6.257333E+01
1.836735E+00 6.122449E+00 6.062704E+01
1.836735E+00 6.326531E+00 5.840865E+01
1.836735E+00 6.530612E+00 5.595189E+01
1.836735E+00 6.734694E+00 5.329030E+01
1.836735E+00 6.938776E+00 5.045587E+01
1.836735E+00 7.142857E+00 4.747800E+01
1.836735E+00 7.346939E+00 4.438296E+01
1.836735E+00 7.551020E+00 4.119352E+01
1.836735E+00 7.755102E+00 3.792902E+01
1.836735E+00 7.959184E+00 3.460547E+01
1.836735E+00 8.163265E+00 3.123592E+01
1.836735E+00 8.367347E+00 2.783076E+01
1.836735E+00 8.571429E+00 2.439821E+01
1.836735E+00 8.775510E+00 2.094464E+01
1.836735E+00 8.979592E+00 1.747502E+01
1.836735E+00 9.183673E+00 1.399323E+01
1.836735E+00 9.387755E+00 1.050237E+01
1.836735E+00 9.591837E+00 7.005048E+00
1.836735E+00 9.795918E+00 3.503551E+00
1.836735E+00 1.000000E+01 0.000000E+00

2.040816E+00 0.000000E+00 1.624323E+01
2.040816E+00 2.040816E-01 1.877972E+01
2.040816E+00 4.081633E-01 2.139321E+01
2.040816E+00 6.122449E-01 2.407740E+01
2.040816E+00 8.163265E-01 2.682593E+01
2.040816E+00 1.020408E+00 2.963228E+01
2.040816E+00 1.224490E+00 3.248957E+01
2.040816E+00 1.428571E+00 3.539033E+01
2.040816E+00 1.632653E+00 3.832612E+01
2.040816E+00 1.836735E+00 4.128717E+01
2.040816E+00 2.040816E+00 4.426188E+01
2.040816E+00 2.244898E+00 4.723626E+01
2.040816E+00 2.448980E+00 5.019346E+01
2.040816E+00 2.653061E+00 5.311316E+01
2.040816E+00 2.857143E+00 5.597107E+01
2.040816E+00 3.061224E+00 5.873864E+01
2.040816E+00 3.265306E+00 6.138285E+01
2.040816E+00 3.469388E+00 6.386645E+01
2.040816E+00 3.673469E+00 6.614861E+01
2.040816E+00 3.877551E+00 6.818606E+01
2.040816E+00 4.081633E+00 6.993482E+01
2.040816E+00 4.285714E+00 7.135235E+01
2.040816E+00 4.489796E+00 7.240008E+01
2.040816E+00 4.693878E+00 7.304599E+01
2.040816E+00 4.897959E+00 7.326689E+01
2.040816E+00 5.102041E+00 7.305027E+01
2.040816E+00 5.306122E+00 7.239517E+01
2.040816E+00 5.510204E+00 7.131225E+01
2.040816E+00 5.714286E+00 6.982276E+01
2.040816E+00 5.918367E+00 6.795681E+01
2.040816E+00 6.122449E+00 6.575098E+01
2.040816E+00 6.326531E+00 6.324579E+01
2.040816E+00 6.530612E+00 6.048311E+01
2.040816E+00 6.734694E+00 5.750403E+01
2.040816E+00 6.938776E+00 5.434712E+01
2.040816E+00 7.142857E+00 5.104722E+01
2.040816E+00 7.346939E+00 4.763481E+01
2.040816E+00 7.551020E+00 4.413578E+01
2.040816E+00 7.755102E+00 4.057154E+01
2.040816E+00 7.959184E+00 3.695933E+01
2.040816E+00 8.163265E+00 3.331274E+01
2.040816E+00 8.367347E+00 2.964216E+01
2.040816E+00 8.571429E+00 2.595538E+01
2.040816E+00 8.775510E+00 2.225801E+01
2.040816E+00 8.979592E+00 1.855401E+01
2.040816E+00 9.183673E+00 1.484603E+01
2.040816E+00 9.387755E+00 1.113580E+01
2.040816E+00 9.591837E+00 7.424343E+00
2.040816E+00 9.795918E+00 3.712291E+00
2.040816E+00 1.000000E+01 0.000000E+00

2.244898E+00 0.000000E+00 1.740941E+01
2.244898E+00 2.040816E-01 2.009172E+01
2.244898E+00 4.081633E-01 2.285336E+01
2.244898E+00 6.122449E-01 2.569034E+01
2.244898E+00 8.163265E-01 2.859846E+01
2.244898E+00 1.020408E+00 3.157325E+01
2.244898E+00 1.224490E+00 3.460971E+01
2.244898E+00 1.428571E+00 3.770206E+01
2.244898E+00 1.632653E+00 4.084335E+01
2.244898E+00 1.836735E+00 4.402500E+01
2.244898E+00 2.040816E+00 4.723626E+01
2.244898E+00 2.244898E+00 5.046358E+01
2.244898E+00 2.448980E+00 5.368989E+01
2.244898E+00 2.653061E+00 5.689386E+01
2.244898E+00 2.857143E+00 6.004924E+01
2.244898E+00 3.061224E+00 6.312418E+01
2.244898E+00 3.265306E+00 6.608097E+01
2.244898E+00 3.469388E+00 6.887611E+01
2.244898E+00 3.673469E+00 7.146093E+01
2.244898E+00 3.877551E+00 7.378296E+01
2.244898E+00 4.081633E+00 7.578810E+01
2.244898E+00 4.285714E+00 7.742338E+01
2.244898E+00 4.489796E+00 7.864032E+01
2.244898E+00 4.693878E+00 7.939836E+01
2.244898E+00 4.897959E+00 7.966808E+01
2.244898E+00 5.102041E+00 7.943358E+01
2.244898E+00 5.306122E+00 7.869386E+01
2.244898E+00 5.510204E+00 7.746279E+01
2.244898E+00 5.714286E+00 7.576774E+01
2.244898E+00 5.918367E+00 7.364720E+01
2.244898E+00 6.122449E+00 7.114754E+01
2.244898E+00 6.326531E+00 6.831956E+01
2.244898E+00 6.530612E+00 6.521515E+01
2.244898E+00 6.734694E+00 6.188444E+01
2.244898E+00 6.938776E+00 5.837369E+01
2.244898E+00 7.142857E+00 5.472388E+01
2.244898E+00 7.346939E+00 5.097008E+01
2.244898E+00 7.551020E+00 4.714132E+01
2.244898E+00 7.755102E+00 4.326089E+01
2.244898E+00 7.959184E+00 3.934695E+01
2.244898E+00 8.163265E+00 3.541320E+01
2.244898E+00 8.367347E+00 3.146960E+01
2.244898E+00 8.571429E+00 2.752304E+01
2.244898E+00 8.775510E+00 2.357797E+01
2.244898E+00 8.979592E+00 1.963696E+01
2.244898E+00 9.183673E+00 1.570110E+01
2.244898E+00 9.387755E+00 1.177043E+01
2.244898E+00 9.591837E+00 7.844234E+00
2.244898E+00 9.795918E+00 3.921271E+00
2.244898E+00 1.000000E+01 0.000000E+00

2.448980E+00 0.000000E+00 1.849229E+01
2.448980E+00 2.040816E-01 2.132437E+01
2.448980E+00 4.081633E-01 2.423819E+01
2.448980E+00 6.122449E-01 2.723212E+01
2.448980E+00 8.163265E-01 3.030430E+01
2.448980E+00 1.020408E+00 3.345250E+01
2.448980E+00 1.224490E+00 3.667389E+01
2.448980E+00 1.428571E+00 3.996471E+01
2.448980E+00 1.632653E+00 4.331991E+01
2.448980E+00 1.836735E+00 4.673261E+01
2.448980E+00 2.040816E+00 5.019346E+01
2.448980E+00 2.244898E+00 5.368989E+01
2.448980E+00 2.448980E+00 5.720516E+01
2.448980E+00 2.653061E+00 6.071744E+01
2.448980E+00 2.857143E+00 6.419877E+01
2.448980E+00 3.061224E+00 6.761411E+01
2.448980E+00 3.265306E+00 7.092076E+01
2.448980E+00 3.469388E+00 7.406820E+01
2.448980E+00 3.673469E+00 7.699868E+01
2.448980E+00 3.877551E+00 7.964882E+01
2.448980E+00 4.081633E+00 8.195221E+01
2.448980E+00 4.285714E+00 8.384303E+01
2.448980E+00 4.489796E+00 8.526043E+01
2.448980E+00 4.693878E+00 8.615318E+01
2.448980E+00 4.897959E+00 8.648393E+01
2.448980E+00 5.102041E+00 8.623257E+01
2.448980E+00 5.306122E+00 8.539803E+01
2.448980E+00 5.510204E+00 8.399827E+01
2.448980E+00 5.714286E+00 8.206846E+01
2.448980E+00 5.918367E+00 7.965766E+01
2.448980E+00 6.122449E+00 7.682448E+01
2.448980E+00 6.326531E+00 7.363244E+01
2.448980E+00 6.530612E+00 7.014559E+01
2.448980E+00 6.734694E+00 6.642490E+01
2.448980E+00 6.938776E+00 6.252556E+01
2.448980E+00 7.142857E+00 5.849548E+01
2.448980E+00 7.346939E+00 5.437460E+01
2.448980E+00 7.551020E+00 5.019504E+01
2.448980E+00 7.755102E+00 4.598172E+01
2.448980E+00 7.959184E+00 4.175325E+01
2.448980E+00 8.163265E+00 3.752292E+01
2.448980E+00 8.367347E+00 3.329968E+01
2.448980E+00 8.571429E+00 2.908905E+01
2.448980E+00 8.775510E+00 2.489381E+01
2.448980E+00 8.979592E+00 2.071472E+01
2.448980E+00 9.183673E+00 1.655096E+01
2.448980E+00 9.387755E+00 1.240059E+01
2.448980E+00 9.591837E+00 8.260887E+00
2.448980E+00 9.795918E+00 4.128560E+00
2.448980E+00 1.000000E+01 0.000000E+00

2.653061E+00 0.000000E+00 1.949188E+01
2.653061E+00 2.040816E-01 2.247527E+01
2.653061E+00 4.081633E-01 2.554291E+01
2.653061E+00 6.122449E-01 2.869564E+01
2.653061E+00 8.163265E-01 3.193411E+01
2.653061E+00 1.020408E+00 3.525852E+01
2.653061E+00 1.224490E+00 3.866850E+01
2.653061E+00 1.428571E+00 4.216271E+01
2.653061E+00 1.632653E+00 4.573843E+01
2.653061E+00 1.836735E+00 4.939103E+01
2.653061E+00 2.040816E+00 5.311316E+01
2.653061E+00 2.244898E+00 5.689386E+01
2.653061E+00 2.448980E+00 6.071744E+01
2.653061E+00 2.653061E+00 6.456214E+01
2.653061E+00 2.857143E+00 6.839871E+01
2.653061E+00 3.061224E+00 7.218912E+01
2.653061E+00 3.265306E+00 7.588541E+01
2.653061E+00 3.469388E+00 7.942930E+01
2.653061E+00 3.673469E+00 8.275260E+01
2.653061E+00 3.877551E+00 8.577904E+01
2.653061E+00 4.081633E+00 8.842741E+01
2.653061E+00 4.285714E+00 9.061623E+01
2.653061E+00 4.489796E+00 9.226939E+01
2.653061E+00 4.693878E+00 9.332239E+01
2.653061E+00 4.897959E+00 9.372801E+01
2.653061E+00 5.102041E+00 9.346085E+01
2.653061E+00 5.306122E+00 9.251981E+01
2.653061E+00 5.510204E+00 9.092799E+01
2.653061E+00 5.714286E+00 8.873033E+01
2.653061E+00 5.918367E+00 8.598905E+01
2.653061E+00 6.122449E+00 8.277789E+01
2.653061E+00 6.326531E+00 7.917594E+01
2.653061E+00 6.530612E+00 7.526194E+01
2.653061E+00 6.734694E+00 7.110963E+01
2.653061E+00 6.938776E+00 6.678457E+01
2.653061E+00 7.142857E+00 6.234231E+01
2.653061E+00 7.346939E+00 5.782794E+01
2.653061E+00 7.551020E+00 5.327655E+01
2.653061E+00 7.755102E+00 4.871423E+01
2.653061E+00 7.959184E+00 4.415946E+01
2.653061E+00 8.163265E+00 3.962450E+01
2.653061E+00 8.367347E+00 3.511664E+01
2.653061E+00 8.571429E+00 3.063940E+01
2.653061E+00 8.775510E+00 2.619339E+01
2.653061E+00 8.979592E+00 2.177709E+01
2.653061E+00 9.183673E+00 1.738739E+01
2.653061E+00 9.387755E+00 1.302008E+01
2.653061E+00 9.591837E+00 8.670157E+00
2.653061E+00 9.795918E+00 4.332079E+00
2.653061E+00 1.000000E+01 0.000000E+00

2.857143E+00 0.000000E+00 2.040816E+01
2.857143E+00 2.040816E-01 2.354192E+01
2.857143E+00 4.081633E-01 2.676252E+01
2.857143E+00 6.122449E-01 3.007343E+01
2.857143E+00 8.163265E-01 3.347791E+01
2.857143E+00 1.020408E+00 3.697888E+01
2.857143E+00 1.224490E+00 4.057868E+01
2.857143E+00 1.428571E+00 4.427875E+01
2.857143E+00 1.632653E+00 4.807921E+01
2.857143E+00 1.836735E+00 5.197821E+01
2.857143E+00 2.040816E+00 5.597107E+01
2.857143E+00 2.244898E+00 6.004924E+01
2.857143E+00 2.448980E+00 6.419877E+01
2.857143E+00 2.653061E+00 6.839871E+01
2.857143E+00 2.857143E+00 7.261916E+01
2.857143E+00 3.061224E+00 7.681931E+01
2.857143E+00 3.265306E+00 8.094584E+01
2.857143E+00 3.469388E+00 8.493195E+01
2.857143E+00 3.673469E+00 8.869762E+01
2.857143E+00 3.877551E+00 9.215152E+01
2.857143E+00 4.081633E+00 9.519493E+01
2.857143E+00 4.285714E+00 9.772750E+01
2.857143E+00 4.489796E+00 9.965467E+01
2.857143E+00 4.693878E+00 1.008957E+02
2.857143E+00 4.897959E+00 1.013912E+02
2.857143E+00 5.102041E+00 1.011094E+02
2.857143E+00 5.306122E+00 1.000490E+02
2.857143E+00 5.510204E+00 9.823969E+01
2.857143E+00 5.714286E+00 9.573826E+01
2.857143E+00 5.918367E+00 9.262308E+01
2.857143E+00 6.122449E+00 8.898629E+01
2.857143E+00 6.326531E+00 8.492572E+01
2.857143E+00 6.530612E+00 8.053756E+01
2.857143E+00 6.734694E+00 7.591050E+01
2.857143E+00 6.938776E+00 7.112184E+01
2.857143E+00 7.142857E+00 6.623556E+01
2.857143E+00 7.346939E+00 6.130208E+01
2.857143E+00 7.551020E+00 5.635913E+01
2.857143E+00 7.755102E+00 5.143345E+01
2.857143E+00 7.959184E+00 4.654268E+01
2.857143E+00 8.163265E+00 4.169725E+01
2.857143E+00 8.367347E+00 3.690210E+01
2.857143E+00 8.571429E+00 3.215808E+01
2.857143E+00 8.775510E+00 2.746306E+01
2.857143E+00 8.979592E+00 2.281276E+01
2.857143E+00 9.183673E+00 1.820140E+01
2.857143E+00 9.387755E+00 1.362218E+01
2.857143E+00 9.591837E+00 9.067571E+00
2.857143E+00 9.795918E+00 4.529596E+00
2.857143E+00 1.000000E+01 0.000000E+00

3.061224E+00 0.000000E+00 2.124115E+01
3.061224E+00 2.040816E-01 2.452171E+01
3.061224E+00 4.081633E-01 2.789180E+01
3.061224E+00 6.122449E-01 3.135761E+01
3.061224E+00 8.163265E-01 3.492517E+01
3.061224E+00 1.020408E+00 3.860027E+01
3.061224E+00 1.224490E+00 4.238826E+01
3.061224E+00 1.428571E+00 4.629373E+01
3.061224E+00 1.632653E+00 5.032006E+01
3.061224E+00 1.836735E+00 5.446880E+01
3.061224E+00 2.040816E+00 5.873864E+01
3.061224E+00 2.244898E+00 6.312418E+01
3.061224E+00 2.448980E+00 6.761411E+01
3.061224E+00 2.653061E+00 7.218912E+01
3.061224E+00 2.857143E+00 7.681931E+01
3.061224E+00 3.061224E+00 8.146156E+01
3.061224E+00 3.265306E+00 8.605714E+01
3.061224E+00 3.469388E+00 9.053009E+01
3.061224E+00 3.673469E+00 9.478714E+01
3.061224E+00 3.877551E+00 9.871978E+01
3.061224E+00 4.081633E+00 1.022088E+02
3.061224E+00 4.285714E+00 1.051318E+02
3.061224E+00 4.489796E+00 1.073722E+02
3.061224E+00 4.693878E+00 1.088297E+02
3.061224E+00 4.897959E+00 1.094307E+02
3.061224E+00 5.102041E+00 1.091354E+02
3.061224E+00 5.306122E+00 1.079426E+02
3.061224E+00 5.510204E+00 1.058895E+02
3.061224E+00 5.714286E+00 1.030475E+02
3.061224E+00 5.918367E+00 9.951427E+01
3.061224E+00 6.122449E+00 9.540373E+01
3.061224E+00 6.326531E+00 9.083585E+01
3.061224E+00 6.530612E+00 8.592714E+01
3.061224E+00 6.734694E+00 8.078343E+01
3.061224E+00 6.938776E+00 7.549517E+01
3.061224E+00 7.142857E+00 7.013545E+01
3.061224E+00 7.346939E+00 6.476001E+01
3.061224E+00 7.551020E+00 5.940888E+01
3.061224E+00 7.755102E+00 5.410871E+01
3.061224E+00 7.959184E+00 4.887549E+01
3.061224E+00 8.163265E+00 4.371701E+01
3.061224E+00 8.367347E+00 3.863504E+01
3.061224E+00 8.571429E+00 3.362709E+01
3.061224E+00 8.775510E+00 2.868768E+01
3.061224E+00 8.979592E+00 2.380933E+01
3.061224E+00 9.183673E+00 1.898321E+01
3.061224E+00 9.387755E+00 1.419964E+01
3.061224E+00 9.591837E+00 9.448342E+00
3.061224E+00 9.795918E+00 4.718729E+00
3.061224E+00 1.000000E+01 0.000000E+00

3.265306E+00 0.000000E+00 2.199084E+01
3.265306E+00 2.040816E-01 2.541197E+01
3.265306E+00 4.081633E-01 2.892536E+01
3.265306E+00 6.122449E-01 3.253999E+01
3.265306E+00 8.163265E-01 3.626479E+01
3.265306E+00 1.020408E+00 4.010856E+01
3.265306E+00 1.224490E+00 4.407988E+01
3.265306E+00 1.428571E+00 4.818679E+01
3.265306E+00 1.632653E+00 5.243641E+01
3.265306E+00 1.836735E+00 5.683417E+01
3.265306E+00 2.040816E+00 6.138285E+01
3.265306E+00 2.244898E+00 6.608097E+01
3.265306E+00 2.448980E+00 7.092076E+01
3.265306E+00 2.653061E+00 7.588541E+01
3.265306E+00 2.857143E+00 8.094584E+01
3.265306E+00 3.061224E+00 8.605714E+01
3.265306E+00 3.265306E+00 9.115527E+01
3.265306E+00 3.469388E+00 9.615462E+01
3.265306E+00 3.673469E+00 1.009474E+02
3.265306E+00 3.877551E+00 1.054059E+02
3.265306E+00 4.081633E+00 1.093878E+02
3.265306E+00 4.285714E+00 1.127450E+02
3.265306E+00 4.489796E+00 1.153356E+02
3.265306E+00 4.693878E+00 1.170369E+02
3.265306E+00 4.897959E+00 1.177582E+02
3.265306E+00 5.102041E+00 1.174506E+02
3.265306E+00 5.306122E+00 1.161130E+02
3.265306E+00 5.510204E+00 1.137915E+02
3.265306E+00 5.714286E+00 1.105743E+02
3.265306E+00 5.918367E+00 1.065817E+02
3.265306E+00 6.122449E+00 1.019528E+02
3.265306E+00 6.326531E+00 9.683314E+01
3.265306E+00 6.530612E+00 9.136223E+01
3.265306E+00 6.734694E+00 8.566509E+01
3.265306E+00 6.938776E+00 7.984662E+01
3.265306E+00 7.142857E+00 7.398949E+01
3.265306E+00 7.346939E+00 6.815471E+01
3.265306E+00 7.551020E+00 6.238403E+01
3.265306E+00 7.755102E+00 5.670329E+01
3.265306E+00 7.959184E+00 5.112590E+01
3.265306E+00 8.163265E+00 4.565615E+01
3.265306E+00 8.367347E+00 4.029186E+01
3.265306E+00 8.571429E+00 3.502651E+01
3.265306E+00 8.775510E+00 2.985075E+01
3.265306E+00 8.979592E+00 2.475344E+01
3.265306E+00 9.183673E+00 1.972239E+01
3.265306E+00 9.387755E+00 1.474477E+01
3.265306E+00 9.591837E+00 9.807415E+00
3.265306E+00 9.795918E+00 4.896971E+00
3.265306E+00 1.000000E+01 0.000000E+00

3.469388E+00 0.000000E+00 2.265723E+01
3.469388E+00 2.040816E-01 2.620994E+01
3.469388E+00 4.081633E-01 2.985767E+01
3.469388E+00 6.122449E-01 3.361216E+01
3.469388E+00 8.163265E-01 3.748528E+01
3.469388E+00 1.020408E+00 4.148897E+01
3.469388E+00 1.224490E+00 4.563518E+01
3.469388E+00 1.428571E+00 4.993565E+01
3.469388E+00 1.632653E+00 5.440153E+01
3.469388E+00 1.836735E+00 5.904266E+01
3.469388E+00 2.040816E+00 6.386645E+01
3.469388E+00 2.244898E+00 6.887611E+01
3.469388E+00 2.448980E+00 7.406820E+01
3.469388E+00 2.653061E+00 7.942930E+01
3.469388E+00 2.857143E+00 8.493195E+01
3.469388E+00 3.061224E+00 9.053009E+01
3.469388E+00 3.265306E+00 9.615462E+01
3.469388E+00 3.469388E+00 1.017100E+02
3.469388E+00 3.673469E+00 1.070730E+02
3.469388E+00 3.877551E+00 1.120950E+02
3.469388E+00 4.081633E+00 1.166080E+02
3.469388E+00 4.285714E+00 1.204356E+02
3.469388E+00 4.489796E+00 1.234074E+02
3.469388E+00 4.693878E+00 1.253754E+02
3.469388E+00 4.897959E+00 1.262296E+02
3.469388E+00 5.102041E+00 1.259111E+02
3.469388E+00 5.306122E+00 1.244184E+02
3.469388E+00 5.510204E+00 1.218081E+02
3.469388E+00 5.714286E+00 1.181875E+02
3.469388E+00 5.918367E+00 1.137018E+02
3.469388E+00 6.122449E+00 1.085190E+02
3.469388E+00 6.326531E+00 1.028126E+02
3.469388E+00 6.530612E+00 9.674785E+01
3.469388E+00 6.734694E+00 9.047051E+01
3.469388E+00 6.938776E+00 8.410093E+01
3.469388E+00 7.142857E+00 7.773164E+01
3.469388E+00 7.346939E+00 7.142867E+01
3.469388E+00 7.551020E+00 6.523490E+01
3.469388E+00 7.755102E+00 5.917451E+01
3.469388E+00 7.959184E+00 5.325751E+01
3.469388E+00 8.163265E+00 4.748385E+01
3.469388E+00 8.367347E+00 4.184667E+01
3.469388E+00 8.571429E+00 3.633484E+01
3.469388E+00 8.775510E+00 3.093465E+01
3.469388E+00 8.979592E+00 2.563098E+01
3.469388E+00 9.183673E+00 2.040799E+01
3.469388E+00 9.387755E+00 1.524958E+01
3.469388E+00 9.591837E+00 1.013955E+01
3.469388E+00 9.795918E+00 5.061733E+00
3.469388E+00 1.000000E+01 0.000000E+00

3.673469E+00 0.000000E+00 2.324032E+01
3.673469E+00 2.040816E-01 2.691290E+01
3.673469E+00 4.081633E-01 3.068317E+01
3.673469E+00 6.122449E-01 3.456562E+01
3.673469E+00 8.163265E-01 3.857502E+01
3.673469E+00 1.020408E+00 4.272642E+01
3.673469E+00 1.224490E+00 4.703522E+01
3.673469E+00 1.428571E+00 5.151698E+01
3.673469E+00 1.632653E+00 5.618711E+01
3.673469E+00 1.836735E+00 6.106016E+01
3.673469E+00 2.040816E+00 6.614861E+01
3.673469E+00 2.244898E+00 7.146093E+01
3.673469E+00 2.448980E+00 7.699868E+01
3.673469E+00 2.653061E+00 8.275260E+01
3.673469E+00 2.857143E+00 8.869762E+01
3.673469E+00 3.061224E+00 9.478714E+01
3.673469E+00 3.265306E+00 1.009474E+02
3.673469E+00 3.469388E+00 1.070730E+02
3.673469E+00 3.673469E+00 1.130248E+02
3.673469E+00 3.877551E+00 1.186319E+02
3.673469E+00 4.081633E+00 1.236993E+02
3.673469E+00 4.285714E+00 1.280202E+02
3.673469E+00 4.489796E+00 1.313933E+02
3.673469E+00 4.693878E+00 1.336432E+02
3.673469E+00 4.897959E+00 1.346391E+02
3.673469E+00 5.102041E+00 1.343109E+02
3.673469E+00 5.306122E+00 1.326571E+02
3.673469E+00 5.510204E+00 1.297454E+02
3.673469E+00 5.714286E+00 1.257038E+02
3.673469E+00 5.918367E+00 1.207051E+02
3.673469E+00 6.122449E+00 1.149477E+02
3.673469E+00 6.326531E+00 1.086357E+02
3.673469E+00 6.530612E+00 1.019613E+02
3.673469E+00 6.734694E+00 9.509250E+01
3.673469E+00 6.938776E+00 8.816543E+01
3.673469E+00 7.142857E+00 8.128252E+01
3.673469E+00 7.346939E+00 7.451440E+01
3.673469E+00 7.551020E+00 6.790445E+01
3.673469E+00 7.755102E+00 6.147444E+01
3.673469E+00 7.959184E+00 5.523022E+01
3.673469E+00 8.163265E+00 4.916672E+01
3.673469E+00 8.367347E+00 4.327186E+01
3.673469E+00 8.571429E+00 3.752942E+01
3.673469E+00 8.775510E+00 3.192104E+01
3.673469E+00 8.979592E+00 2.642737E+01
3.673469E+00 9.183673E+00 2.102883E+01
3.673469E+00 9.387755E+00 1.570593E+01
3.673469E+00 9.591837E+00 1.043945E+01
3.673469E+00 9.795918E+00 5.210394E+00
3.673469E+00 1.000000E+01 0.000000E+00

3.877551E+00 0.000000E+00 2.374011E+01
3.877551E+00 2.040816E-01 2.751817E+01
3.877551E+00 4.081633E-01 3.139643E+01
3.877551E+00 6.122449E-01 3.539202E+01
3.877551E+00 8.163265E-01 3.952247E+01
3.877551E+00 1.020408E+00 4.380587E+01
3.877551E+00 1.224490E+00 4.826097E+01
3.877551E+00 1.428571E+00 5.290712E+01
3.877551E+00 1.632653E+00 5.776404E+01
3.877551E+00 1.836735E+00 6.285110E+01
3.877551E+00 2.040816E+00 6.818606E+01
3.877551E+00 2.244898E+00 7.378296E+01
3.877551E+00 2.448980E+00 7.964882E+01
3.877551E+00 2.653061E+00 8.577904E+01
3.877551E+00 2.857143E+00 9.215152E+01
3.877551E+00 3.061224E+00 9.871978E+01
3.877551E+00 3.265306E+00 1.054059E+02
3.877551E+00 3.469388E+00 1.120950E+02
3.877551E+00 3.673469E+00 1.186319E+02
3.877551E+00 3.877551E+00 1.248237E+02
3.877551E+00 4.081633E+00 1.304475E+02
3.877551E+00 4.285714E+00 1.352652E+02
3.877551E+00 4.489796E+00 1.390439E+02
3.877551E+00 4.693878E+00 1.415795E+02
3.877551E+00 4.897959E+00 1.427200E+02
3.877551E+00 5.102041E+00 1.423834E+02
3.877551E+00 5.306122E+00 1.405684E+02
3.877551E+00 5.510204E+00 1.373540E+02
3.877551E+00 5.714286E+00 1.328899E+02
3.877551E+00 5.918367E+00 1.273772E+02
3.877551E+00 6.122449E+00 1.210461E+02
3.877551E+00 6.326531E+00 1.141318E+02
3.877551E+00 6.530612E+00 1.068543E+02
3.877551E+00 6.734694E+00 9.940374E+01
3.877551E+00 6.938776E+00 9.193211E+01
3.877551E+00 7.142857E+00 8.455136E+01
3.877551E+00 7.346939E+00 7.733620E+01
3.877551E+00 7.551020E+00 7.032989E+01
3.877551E+00 7.755102E+00 6.355123E+01
3.877551E+00 7.959184E+00 5.700138E+01
3.877551E+00 8.163265E+00 5.066981E+01
3.877551E+00 8.367347E+00 4.453888E+01
3.877551E+00 8.571429E+00 3.858713E+01
3.877551E+00 8.775510E+00 3.279137E+01
3.877551E+00 8.979592E+00 2.712803E+01
3.877551E+00 9.183673E+00 2.157375E+01
3.877551E+00 9.387755E+00 1.610576E+01
3.877551E+00 9.591837E+00 1.070186E+01
3.877551E+00 9.795918E+00 5.340378E+00
3.877551E+00 1.000000E+01 0.000000E+00

4.081633E+00 0.000000E+00 2.415660E+01
4.081633E+00 2.040816E-01 2.802320E+01
4.081633E+00 4.081633E-01 3.199231E+01
4.081633E+00 6.122449E-01 3.608343E+01
4.081633E+00 8.163265E-01 4.031665E+01
4.081633E+00 1.020408E+00 4.471285E+01
4.081633E+00 1.224490E+00 4.929394E+01
4.081633E+00 1.428571E+00 5.408288E+01
4.081633E+00 1.632653E+00 5.910348E+01
4.081633E+00 1.836735E+00 6.437980E+01
4.081633E+00 2.040816E+00 6.993482E+01
4.081633E+00 2.244898E+00 7.578810E+01
4.081633E+00 2.448980E+00 8.195221E+01
4.081633E+00 2.653061E+00 8.842741E+01
4.081633E+00 2.857143E+00 9.519493E+01
4.081633E+00 3.061224E+00 1.022088E+02
4.081633E+00 3.265306E+00 1.093878E+02
4.081633E+00 3.469388E+00 1.166080E+02
4.081633E+00 3.673469E+00 1.236993E+02
4.081633E+00 3.877551E+00 1.304475E+02
4.081633E+00 4.081633E+00 1.366027E+02
4.081633E+00 4.285714E+00 1.418964E+02
4.081633E+00 4.489796E+00 1.460647E+02
4.081633E+00 4.693878E+00 1.488758E+02
4.081633E+00 4.897959E+00 1.501561E+02
4.081633E+00 5.102041E+00 1.498125E+02
4.081633E+00 5.306122E+00 1.478435E+02
4.081633E+00 5.510204E+00 1.443398E+02
4.081633E+00 5.714286E+00 1.394718E+02
4.081633E+00 5.918367E+00 1.334687E+02
4.081633E+00 6.122449E+00 1.265916E+02
4.081633E+00 6.326531E+00 1.191062E+02
4.081633E+00 6.530612E+00 1.112593E+02
4.081633E+00 6.734694E+00 1.032623E+02
4.081633E+00 6.938776E+00 9.528226E+01
4.081633E+00 7.142857E+00 8.743987E+01
4.081633E+00 7.346939E+00 7.981333E+01
4.081633E+00 7.551020E+00 7.244531E+01
4.081633E+00 7.755102E+00 6.535126E+01
4.081633E+00 7.959184E+00 5.852748E+01
4.081633E+00 8.163265E+00 5.195792E+01
4.081633E+00 8.367347E+00 4.561938E+01
4.081633E+00 8.571429E+00 3.948521E+01
4.081633E+00 8.775510E+00 3.352759E+01
4.081633E+00 8.979592E+00 2.771883E+01
4.081633E+00 9.183673E+00 2.203206E+01
4.081633E+00 9.387755E+00 1.644137E+01
4.081633E+00 9.591837E+00 1.092181E+01
4.081633E+00 9.795918E+00 5.449234E+00
4.081633E+00 1.000000E+01 0.000000E+00

4.285714E+00 0.000000E+00 2.448980E+01
4.285714E+00 2.040816E-01 2.842570E+01
4.285714E+00 4.081633E-01 3.246610E+01
4.285714E+00 6.122449E-01 3.663258E+01
4.285714E+00 8.163265E-01 4.094742E+01
4.285714E+00 1.020408E+00 4.543399E+01
4.285714E+00 1.224490E+00 5.011696E+01
4.285714E+00 1.428571E+00 5.502250E+01
4.285714E+00 1.632653E+00 6.017813E+01
4.285714E+00 1.836735E+00 6.561217E+01
4.285714E+00 2.040816E+00 7.135235E+01
4.285714E+00 2.244898E+00 7.742338E+01
4.285714E+00 2.448980E+00 8.384303E+01
4.285714E+00 2.653061E+00 9.061623E+01
4.285714E+00 2.857143E+00 9.772750E+01
4.285714E+00 3.061224E+00 1.051318E+02
4.285714E+00 3.265306E+00 1.127450E+02
4.285714E+00 3.469388E+00 1.204356E+02
4.285714E+00 3.673469E+00 1.280202E+02
4.285714E+00 3.877551E+00 1.352652E+02
4.285714E+00 4.081633E+00 1.418964E+02
4.285714E+00 4.285714E+00 1.476176E+02
4.285714E+00 4.489796E+00 1.521367E+02
4.285714E+00 4.693878E+00 1.551961E+02
4.285714E+00 4.897959E+00 1.566030E+02
4.285714E+00 5.102041E+00 1.562538E+02
4.285714E+00 5.306122E+00 1.541469E+02
4.285714E+00 5.510204E+00 1.503835E+02
4.285714E+00 5.714286E+00 1.451533E+02
4.285714E+00 5.918367E+00 1.387112E+02
4.285714E+00 6.122449E+00 1.313465E+02
4.285714E+00 6.326531E+00 1.233523E+02
4.285714E+00 6.530612E+00 1.150001E+02
4.285714E+00 6.734694E+00 1.065205E+02
4.285714E+00 6.938776E+00 9.809368E+01
4.285714E+00 7.142857E+00 8.984809E+01
4.285714E+00 7.346939E+00 8.186470E+01
4.285714E+00 7.551020E+00 7.418529E+01
4.285714E+00 7.755102E+00 6.682199E+01
4.285714E+00 7.959184E+00 5.976643E+01
4.285714E+00 8.163265E+00 5.299735E+01
4.285714E+00 8.367347E+00 4.648644E+01
4.285714E+00 8.571429E+00 4.020229E+01
4.285714E+00 8.775510E+00 3.411283E+01
4.285714E+00 8.979592E+00 2.818671E+01
4.285714E+00 9.183673E+00 2.239386E+01
4.285714E+00 9.387755E+00 1.670565E+01
4.285714E+00 9.591837E+00 1.109472E+01
4.285714E+00 9.795918E+00 5.534716E+00
4.285714E+00 1.000000E+01 0.000000E+00

4.489796E+00 0.000000E+00 2.473969E+01
4.489796E+00 2.040816E-01 2.872367E+01
4.489796E+00 4.081633E-01 3.281374E+01
4.489796E+00 6.122449E-01 3.703315E+01
4.489796E+00 8.163265E-01 4.140598E+01
4.489796E+00 1.020408E+00 4.595758E+01
4.489796E+00 1.224490E+00 5.071491E+01
4.489796E+00 1.428571E+00 5.570675E+01
4.489796E+00 1.632653E+00 6.096369E+01
4.489796E+00 1.836735E+00 6.651755E+01
4.489796E+00 2.040816E+00 7.240008E+01
4.489796E+00 2.244898E+00 7.864032E+01
4.489796E+00 2.448980E+00 8.526043E+01
4.489796E+00 2.653061E+00 9.226939E+01
4.489796E+00 2.857143E+00 9.965467E+01
4.489796E+00 3.061224E+00 1.073722E+02
4.489796E+00 3.265306E+00 1.153356E+02
4.489796E+00 3.469388E+00 1.234074E+02
4.489796E+00 3.673469E+00 1.313933E+02
4.489796E+00 3.877551E+00 1.390439E+02
4.489796E+00 4.081633E+00 1.460647E+02
4.489796E+00 4.285714E+00 1.521367E+02
4.489796E+00 4.489796E+00 1.569439E+02
4.489796E+00 4.693878E+00 1.602078E+02
4.489796E+00 4.897959E+00 1.617192E+02
4.489796E+00 5.102041E+00 1.613657E+02
4.489796E+00 5.306122E+00 1.591459E+02
4.489796E+00 5.510204E+00 1.551695E+02
4.489796E+00 5.714286E+00 1.496426E+02
4.489796E+00 5.918367E+00 1.428411E+02
4.489796E+00 6.122449E+00 1.350779E+02
4.489796E+00 6.326531E+00 1.266693E+02
4.489796E+00 6.530612E+00 1.179067E+02
4.489796E+00 6.734694E+00 1.090366E+02
4.489796E+00 6.938776E+00 1.002501E+02
4.489796E+00 7.142857E+00 9.168175E+01
4.489796E+00 7.346939E+00 8.341453E+01
4.489796E+00 7.551020E+00 7.548929E+01
4.489796E+00 7.755102E+00 6.791524E+01
4.489796E+00 7.959184E+00 6.067995E+01
4.489796E+00 8.163265E+00 5.375777E+01
4.489796E+00 8.367347E+00 4.711605E+01
4.489796E+00 8.571429E+00 4.071940E+01
4.489796E+00 8.775510E+00 3.453223E+01
4.489796E+00 8.979592E+00 2.852017E+01
4.489796E+00 9.183673E+00 2.265055E+01
4.489796E+00 9.387755E+00 1.689247E+01
4.489796E+00 9.591837E+00 1.121661E+01
4.489796E+00 9.795918E+00 5.594880E+00
4.489796E+00 1.000000E+01 0.000000E+00

4.693878E+00 0.000000E+00 2.490629E+01
4.693878E+00 2.040816E-01 2.891550E+01
4.693878E+00 4.081633E-01 3.303195E+01
4.693878E+00 6.122449E-01 3.728007E+01
4.693878E+00 8.163265E-01 4.168522E+01
4.693878E+00 1.020408E+00 4.627418E+01
4.693878E+00 1.224490E+00 5.107552E+01
4.693878E+00 1.428571E+00 5.611993E+01
4.693878E+00 1.632653E+00 6.144019E+01
4.693878E+00 1.836735E+00 6.707066E+01
4.693878E+00 2.040816E+00 7.304599E+01
4.693878E+00 2.244898E+00 7.939836E+01
4.693878E+00 2.448980E+00 8.615318E+01
4.693878E+00 2.653061E+00 9.332239E+01
4.693878E+00 2.857143E+00 1.008957E+02
4.693878E+00 3.061224E+00 1.088297E+02
4.693878E+00 3.265306E+00 1.170369E+02
4.693878E+00 3.469388E+00 1.253754E+02
4.693878E+00 3.673469E+00 1.336432E+02
4.693878E+00 3.877551E+00 1.415795E+02
4.693878E+00 4.081633E+00 1.488758E+02
4.693878E+00 4.285714E+00 1.551961E+02
4.693878E+00 4.489796E+00 1.602078E+02
4.693878E+00 4.693878E+00 1.636168E+02
4.693878E+00 4.897959E+00 1.652026E+02
4.693878E+00 5.102041E+00 1.648463E+02
4.693878E+00 5.306122E+00 1.625464E+02
4.693878E+00 5.510204E+00 1.584191E+02
4.693878E+00 5.714286E+00 1.526820E+02
4.693878E+00 5.918367E+00 1.456264E+02
4.693878E+00 6.122449E+00 1.375820E+02
4.693878E+00 6.326531E+00 1.288816E+02
4.693878E+00 6.530612E+00 1.198311E+02
4.693878E+00 6.734694E+00 1.106882E+02
4.693878E+00 6.938776E+00 1.016516E+02
4.693878E+00 7.142857E+00 9.286029E+01
4.693878E+00 7.346939E+00 8.439850E+01
4.693878E+00 7.551020E+00 7.630631E+01
4.693878E+00 7.755102E+00 6.859069E+01
4.693878E+00 7.959184E+00 6.123626E+01
4.693878E+00 8.163265E+00 5.421411E+01
4.693878E+00 8.367347E+00 4.748847E+01
4.693878E+00 8.571429E+00 4.102104E+01
4.693878E+00 8.775510E+00 3.477371E+01
4.693878E+00 8.979592E+00 2.870992E+01
4.693878E+00 9.183673E+00 2.279512E+01
4.693878E+00 9.387755E+00 1.699682E+01
4.693878E+00 9.591837E+00 1.128428E+01
4.693878E+00 9.795918E+00 5.628158E+00
4.693878E+00 1.000000E+01 0.000000E+00

4.897959E+00 0.000000E+00 2.498959E+01
4.897959E+00 2.040816E-01 2.900005E+01
4.897959E+00 4.081633E-01 3.311840E+01
4.897959E+00 6.122449E-01 3.736971E+01
4.897959E+00 8.163265E-01 4.178005E+01
4.897959E+00 1.020408E+00 4.637699E+01
4.897959E+00 1.224490E+00 5.119000E+01
4.897959E+00 1.428571E+00 5.625077E+01
4.897959E+00 1.632653E+00 6.159328E+01
4.897959E+00 1.836735E+00 6.725326E+01
4.897959E+00 2.040816E+00 7.326689E+01
4.897959E+00 2.244898E+00 7.966808E+01
4.897959E+00 2.448980E+00 8.648393E+01
4.897959E+00 2.653061E+00 9.372801E+01
4.897959E+00 2.857143E+00 1.013912E+02
4.897959E+00 3.061224E+00 1.094307E+02
4.897959E+00 3.265306E+00 1.177582E+02
4.897959E+00 3.469388E+00 1.262296E+02
4.897959E+00 3.673469E+00 1.346391E+02
4.897959E+00 3.877551E+00 1.427200E+02
4.897959E+00 4.081633E+00 1.501561E+02
4.897959E+00 4.285714E+00 1.566030E+02
4.897959E+00 4.489796E+00 1.617192E+02
4.897959E+00 4.693878E+00 1.652026E+02
4.897959E+00 4.897959E+00 1.668265E+02
4.897959E+00 5.102041E+00 1.664687E+02
4.897959E+00 5.306122E+00 1.641280E+02
4.897959E+00 5.510204E+00 1.599234E+02
4.897959E+00 5.714286E+00 1.540790E+02
4.897959E+00 5.918367E+00 1.468939E+02
4.897959E+00 6.122449E+00 1.387066E+02
4.897959E+00 6.326531E+00 1.298588E+02
4.897959E+00 6.530612E+00 1.206635E+02
4.897959E+00 6.734694E+00 1.113845E+02
4.897959E+00 6.938776E+00 1.022246E+02
4.897959E+00 7.142857E+00 9.332456E+01
4.897959E+00 7.346939E+00 8.476957E+01
4.897959E+00 7.551020E+00 7.659916E+01
4.897959E+00 7.755102E+00 6.881908E+01
4.897959E+00 7.959184E+00 6.141233E+01
4.897959E+00 8.163265E+00 5.434829E+01
4.897959E+00 8.367347E+00 4.758948E+01
4.897959E+00 8.571429E+00 4.109608E+01
4.897959E+00 8.775510E+00 3.482860E+01
4.897959E+00 8.979592E+00 2.874929E+01
4.897959E+00 9.183673E+00 2.282260E+01
4.897959E+00 9.387755E+00 1.701516E+01
4.897959E+00 9.591837E+00 1.129545E+01
4.897959E+00 9.795918E+00 5.633427E+00
4.897959E+00 1.000000E+01 0.000000E+00

5.102041E+00 0.000000E+00 2.498959E+01
5.102041E+00 2.040816E-01 2.897669E+01
5.102041E+00 4.081633E-01 3.307177E+01
5.102041E+00 6.122449E-01 3.730004E+01
5.102041E+00 8.163265E-01 4.168766E+01
5.102041E+00 1.020408E+00 4.626229E+01
5.102041E+00 1.224490E+00 5.105351E+01
5.102041E+00 1.428571E+00 5.609311E+01
5.102041E+00 1.632653E+00 6.141515E+01
5.102041E+00 1.836735E+00 6.705545E+01
5.102041E+00 2.040816E+00 7.305027E+01
5.102041E+00 2.244898E+00 7.943358E+01
5.102041E+00 2.448980E+00 8.623257E+01
5.102041E+00 2.653061E+00 9.346085E+01
5.102041E+00 2.857143E+00 1.011094E+02
5.102041E+00 3.061224E+00 1.091354E+02
5.102041E+00 3.265306E+00 1.174506E+02
5.102041E+00 3.469388E+00 1.259111E+02
5.102041E+00 3.673469E+00 1.343109E+02
5.102041E+00 3.877551E+00 1.423834E+02
5.102041E+00 4.081633E+00 1.498125E+02
5.102041E+00 4.285714E+00 1.562538E+02
5.102041E+00 4.489796E+00 1.613657E+02
5.102041E+00 4.693878E+00 1.648463E+02
5.102041E+00 4.897959E+00 1.664687E+02
5.102041E+00 5.102041E+00 1.661110E+02
5.102041E+00 5.306122E+00 1.637716E+02
5.102041E+00 5.510204E+00 1.595699E+02
5.102041E+00 5.714286E+00 1.537297E+02
5.102041E+00 5.918367E+00 1.465502E+02
5.102041E+00 6.122449E+00 1.383700E+02
5.102041E+00 6.326531E+00 1.295305E+02
5.102041E+00 6.530612E+00 1.203450E+02
5.102041E+00 6.734694E+00 1.110770E+02
5.102041E+00 6.938776E+00 1.019293E+02
5.102041E+00 7.142857E+00 9.304274E+01
5.102041E+00 7.346939E+00 8.450242E+01
5.102041E+00 7.551020E+00 7.634780E+01
5.102041E+00 7.755102E+00 6.858458E+01
5.102041E+00 7.959184E+00 6.119570E+01
5.102041E+00 8.163265E+00 5.415048E+01
5.102041E+00 8.367347E+00 4.741135E+01
5.102041E+00 8.571429E+00 4.093842E+01
5.102041E+00 8.775510E+00 3.469211E+01
5.102041E+00 8.979592E+00 2.863459E+01
5.102041E+00 9.183673E+00 2.273021E+01
5.102041E+00 9.387755E+00 1.694549E+01
5.102041E+00 9.591837E+00 1.124883E+01
5.102041E+00 9.795918E+00 5.610061E+00
5.102041E+00 1.000000E+01 0.000000E+00

5.306122E+00 0.000000E+00 2.490629E+01
5.306122E+00 2.040816E-01 2.884530E+01
5.306122E+00 4.081633E-01 3.289187E+01
5.306122E+00 6.122449E-01 3.707075E+01
5.306122E+00 8.163265E-01 4.140762E+01
5.306122E+00 1.020408E+00 4.592956E+01
5.306122E+00 1.224490E+00 5.066545E+01
5.306122E+00 1.428571E+00 5.564625E+01
5.306122E+00 1.632653E+00 6.090501E+01
5.306122E+00 1.836735E+00 6.647637E+01
5.306122E+00 2.040816E+00 7.239517E+01
5.306122E+00 2.244898E+00 7.869386E+01
5.306122E+00 2.448980E+00 8.539803E+01
5.306122E+00 2.653061E+00 9.251981E+01
5.306122E+00 2.857143E+00 1.000490E+02
5.306122E+00 3.061224E+00 1.079426E+02
5.306122E+00 3.265306E+00 1.161130E+02
5.306122E+00 3.469388E+00 1.244184E+02
5.306122E+00 3.673469E+00 1.326571E+02
5.306122E+00 3.877551E+00 1.405684E+02
5.306122E+00 4.081633E+00 1.478435E+02
5.306122E+00 4.285714E+00 1.541469E+02
5.306122E+00 4.489796E+00 1.591459E+02
5.306122E+00 4.693878E+00 1.625464E+02
5.306122E+00 4.897959E+00 1.641280E+02
5.306122E+00 5.102041E+00 1.637716E+02
5.306122E+00 5.306122E+00 1.614761E+02
5.306122E+00 5.510204E+00 1.573572E+02
5.306122E+00 5.714286E+00 1.516329E+02
5.306122E+00 5.918367E+00 1.445941E+02
5.306122E+00 6.122449E+00 1.365708E+02
5.306122E+00 6.326531E+00 1.278955E+02
5.306122E+00 6.530612E+00 1.188742E+02
5.306122E+00 6.734694E+00 1.097642E+02
5.306122E+00 6.938776E+00 1.007645E+02
5.306122E+00 7.142857E+00 9.201367E+01
5.306122E+00 7.346939E+00 8.359592E+01
5.306122E+00 7.551020E+00 7.555116E+01
5.306122E+00 7.755102E+00 6.788620E+01
5.306122E+00 7.959184E+00 6.058544E+01
5.306122E+00 8.163265E+00 5.361981E+01
5.306122E+00 8.367347E+00 4.695329E+01
5.306122E+00 8.571429E+00 4.054735E+01
5.306122E+00 8.775510E+00 3.436364E+01
5.306122E+00 8.979592E+00 2.836530E+01
5.306122E+00 9.183673E+00 2.251752E+01
5.306122E+00 9.387755E+00 1.678750E+01
5.306122E+00 9.591837E+00 1.114420E+01
5.306122E+00 9.795918E+00 5.557953E+00
5.306122E+00 1.000000E+01 0.000000E+00

5.510204E+00 0.000000E+00 2.473969E+01
5.510204E+00 2.040816E-01 2.860630E+01
5.510204E+00 4.081633E-01 3.257955E+01
5.510204E+00 6.122449E-01 3.668321E+01
5.510204E+00 8.163265E-01 4.094191E+01
5.510204E+00 1.020408E+00 4.538148E+01
5.510204E+00 1.224490E+00 5.002940E+01
5.510204E+00 1.428571E+00 5.491493E+01
5.510204E+00 1.632653E+00 6.006910E+01
5.510204E+00 1.836735E+00 6.552416E+01
5.510204E+00 2.040816E+00 7.131225E+01
5.510204E+00 2.244898E+00 7.746279E+01
5.510204E+00 2.448980E+00 8.399827E+01
5.510204E+00 2.653061E+00 9.092799E+01
5.510204E+00 2.857143E+00 9.823969E+01
5.510204E+00 3.061224E+00 1.058895E+02
5.510204E+00 3.265306E+00 1.137915E+02
5.510204E+00 3.469388E+00 1.218081E+02
5.510204E+00 3.673469E+00 1.297454E+02
5.510204E+00 3.877551E+00 1.373540E+02
5.510204E+00 4.081633E+00 1.443398E+02
5.510204E+00 4.285714E+00 1.503835E+02
5.510204E+00 4.489796E+00 1.551695E+02
5.510204E+00 4.693878E+00 1.584191E+02
5.510204E+00 4.897959E+00 1.599234E+02
5.510204E+00 5.102041E+00 1.595699E+02
5.510204E+00 5.306122E+00 1.573572E+02
5.510204E+00 5.510204E+00 1.533950E+02
5.510204E+00 5.714286E+00 1.478893E+02
5.510204E+00 5.918367E+00 1.411161E+02
5.510204E+00 6.122449E+00 1.333880E+02
5.510204E+00 6.326531E+00 1.250214E+02
5.510204E+00 6.530612E+00 1.163075E+02
5.510204E+00 6.734694E+00 1.074925E+02
5.510204E+00 6.938776E+00 9.876750E+01
5.510204E+00 7.142857E+00 9.026677E+01
5.510204E+00 7.346939E+00 8.207312E+01
5.510204E+00 7.551020E+00 7.422713E+01
5.510204E+00 7.755102E+00 6.673770E+01
5.510204E+00 7.959184E+00 5.959212E+01
5.510204E+00 8.163265E+00 5.276438E+01
5.510204E+00 8.367347E+00 4.622146E+01
5.510204E+00 8.571429E+00 3.992758E+01
5.510204E+00 8.775510E+00 3.384673E+01
5.510204E+00 8.979592E+00 2.794407E+01
5.510204E+00 9.183673E+00 2.218647E+01
5.510204E+00 9.387755E+00 1.654253E+01
5.510204E+00 9.591837E+00 1.098242E+01
5.510204E+00 9.795918E+00 5.477513E+00
5.510204E+00 1.000000E+01 0.000000E+00

5.714286E+00 0.000000E+00 2.448980E+01
5.714286E+00 2.040816E-01 2.826063E+01
5.714286E+00 4.081633E-01 3.213673E+01
5.714286E+00 6.122449E-01 3.614042E+01
5.714286E+00 8.163265E-01 4.029475E+01
5.714286E+00 1.020408E+00 4.462379E+01
5.714286E+00 1.224490E+00 4.915293E+01
5.714286E+00 1.428571E+00 5.390900E+01
5.714286E+00 1.632653E+00 5.892016E+01
5.714286E+00 1.836735E+00 6.421531E+01
5.714286E+00 2.040816E+00 6.982276E+01
5.714286E+00 2.244898E+00 7.576774E+01
5.714286E+00 2.448980E+00 8.206846E+01
5.714286E+00 2.653061E+00 8.873033E+01
5.714286E+00 2.857143E+00 9.573826E+01
5.714286E+00 3.061224E+00 1.030475E+02
5.714286E+00 3.265306E+00 1.105743E+02
5.714286E+00 3.469388E+00 1.181875E+02
5.714286E+00 3.673469E+00 1.257038E+02
5.714286E+00 3.877551E+00 1.328899E+02
5.714286E+00 4.081633E+00 1.394718E+02
5.714286E+00 4.285714E+00 1.451533E+02
5.714286E+00 4.489796E+00 1.496426E+02
5.714286E+00 4.693878E+00 1.526820E+02
5.714286E+00 4.897959E+00 1.540790E+02
5.714286E+00 5.102041E+00 1.537297E+02
5.714286E+00 5.306122E+00 1.516329E+02
5.714286E+00 5.510204E+00 1.478893E+02
5.714286E+00 5.714286E+00 1.426891E+02
5.714286E+00 5.918367E+00 1.362866E+02
5.714286E+00 6.122449E+00 1.289712E+02
5.714286E+00 6.326531E+00 1.210360E+02
5.714286E+00 6.530612E+00 1.127520E+02
5.714286E+00 6.734694E+00 1.043498E+02
5.714286E+00 6.938776E+00 9.600941E+01
5.714286E+00 7.142857E+00 8.785885E+01
5.714286E+00 7.346939E+00 7.997881E+01
5.714286E+00 7.551020E+00 7.241073E+01
5.714286E+00 7.755102E+00 6.516634E+01
5.714286E+00 7.959184E+00 5.823684E+01
5.714286E+00 8.163265E+00 5.160049E+01
5.714286E+00 8.367347E+00 4.522847E+01
5.714286E+00 8.571429E+00 3.908879E+01
5.714286E+00 8.775510E+00 3.314880E+01
5.714286E+00 8.979592E+00 2.737651E+01
5.714286E+00 9.183673E+00 2.174119E+01
5.714286E+00 9.387755E+00 1.621350E+01
5.714286E+00 9.591837E+00 1.076534E+01
5.714286E+00 9.795918E+00 5.369646E+00
5.714286E+00 1.000000E+01 0.000000E+00

5.918367E+00 0.000000E+00 2.415660E+01
5.918367E+00 2.040816E-01 2.780966E+01
5.918367E+00 4.081633E-01 3.156623E+01
5.918367E+00 6.122449E-01 3.544679E+01
5.918367E+00 8.163265E-01 3.947239E+01
5.918367E+00 1.020408E+00 4.366487E+01
5.918367E+00 1.224490E+00 4.804703E+01
5.918367E+00 1.428571E+00 5.264270E+01
5.918367E+00 1.632653E+00 5.747653E+01
5.918367E+00 1.836735E+00 6.257333E+01
5.918367E+00 2.040816E+00 6.795681E+01
5.918367E+00 2.244898E+00 7.364720E+01
5.918367E+00 2.448980E+00 7.965766E+01
5.918367E+00 2.653061E+00 8.598905E+01
5.918367E+00 2.857143E+00 9.262308E+01
5.918367E+00 3.061224E+00 9.951427E+01
5.918367E+00 3.265306E+00 1.065817E+02
5.918367E+00 3.469388E+00 1.137018E+02
5.918367E+00 3.673469E+00 1.207051E+02
5.918367E+00 3.877551E+00 1.273772E+02
5.918367E+00 4.081633E+00 1.334687E+02
5.918367E+00 4.285714E+00 1.387112E+02
5.918367E+00 4.489796E+00 1.428411E+02
5.918367E+00 4.693878E+00 1.456264E+02
5.918367E+00 4.897959E+00 1.468939E+02
5.918367E+00 5.102041E+00 1.465502E+02
5.918367E+00 5.306122E+00 1.445941E+02
5.918367E+00 5.510204E+00 1.411161E+02
5.918367E+00 5.714286E+00 1.362866E+02
5.918367E+00 5.918367E+00 1.303347E+02
5.918367E+00 6.122449E+00 1.235214E+02
5.918367E+00 6.326531E+00 1.161119E+02
5.918367E+00 6.530612E+00 1.083532E+02
5.918367E+00 6.734694E+00 1.004562E+02
5.918367E+00 6.938776E+00 9.258768E+01
5.918367E+00 7.142857E+00 8.486802E+01
5.918367E+00 7.346939E+00 7.737497E+01
5.918367E+00 7.551020E+00 7.015077E+01
5.918367E+00 7.755102E+00 6.321036E+01
5.918367E+00 7.959184E+00 5.654947E+01
5.918367E+00 8.163265E+00 5.015144E+01
5.918367E+00 8.367347E+00 4.399243E+01
5.918367E+00 8.571429E+00 3.804504E+01
5.918367E+00 8.775510E+00 3.228068E+01
5.918367E+00 8.979592E+00 2.667085E+01
5.918367E+00 9.183673E+00 2.118780E+01
5.918367E+00 9.387755E+00 1.580472E+01
5.918367E+00 9.591837E+00 1.049573E+01
5.918367E+00 9.795918E+00 5.235695E+00
5.918367E+00 1.000000E+01 0.000000E+00

6.122449E+00 0.000000E+00 2.374011E+01
6.122449E+00 2.040816E-01 2.725516E+01
6.122449E+00 4.081633E-01 3.087166E+01
6.122449E+00 6.122449E-01 3.460794E+01
6.122449E+00 8.163265E-01 3.848274E+01
6.122449E+00 1.020408E+00 4.251530E+01
6.122449E+00 1.224490E+00 4.672551E+01
6.122449E+00 1.428571E+00 5.113379E+01
6.122449E+00 1.632653E+00 5.576086E+01
6.122449E+00 1.836735E+00 6.062704E+01
6.122449E+00 2.040816E+00 6.575098E+01
6.122449E+00 2.244898E+00 7.114754E+01
6.122449E+00 2.448980E+00 7.682448E+01
6.122449E+00 2.653061E+00 8.277789E+01
6.122449E+00 2.857143E+00 8.898629E+01
6.122449E+00 3.061224E+00 9.540373E+01
6.122449E+00 3.265306E+00 1.019528E+02
6.122449E+00 3.469388E+00 1.085190E+02
6.122449E+00 3.673469E+00 1.149477E+02
6.122449E+00 3.877551E+00 1.210461E+02
6.122449E+00 4.081633E+00 1.265916E+02
6.122449E+00 4.285714E+00 1.313465E+02
6.122449E+00 4.489796E+00 1.350779E+02
6.122449E+00 4.693878E+00 1.375820E+02
6.122449E+00 4.897959E+00 1.387066E+02
6.122449E+00 5.102041E+00 1.383700E+02
6.122449E+00 5.306122E+00 1.365708E+02
6.122449E+00 5.510204E+00 1.333880E+02
6.122449E+00 5.714286E+00 1.289712E+02
6.122449E+00 5.918367E+00 1.235214E+02
6.122449E+00 6.122449E+00 1.172685E+02
6.122449E+00 6.326531E+00 1.104475E+02
6.122449E+00 6.530612E+00 1.032783E+02
6.122449E+00 6.734694E+00 9.595064E+01
6.122449E+00 6.938776E+00 8.861606E+01
6.122449E+00 7.142857E+00 8.138612E+01
6.122449E+00 7.346939E+00 7.433505E+01
6.122449E+00 7.551020E+00 6.750555E+01
6.122449E+00 7.755102E+00 6.091581E+01
6.122449E+00 7.959184E+00 5.456630E+01
6.122449E+00 8.163265E+00 4.844574E+01
6.122449E+00 8.367347E+00 4.253570E+01
6.122449E+00 8.571429E+00 3.681379E+01
6.122449E+00 8.775510E+00 3.125591E+01
6.122449E+00 8.979592E+00 2.583746E+01
6.122449E+00 9.183673E+00 2.053402E+01
6.122449E+00 9.387755E+00 1.532168E+01
6.122449E+00 9.591837E+00 1.017709E+01
6.122449E+00 9.795918E+00 5.077376E+00
6.122449E+00 1.000000E+01 0.000000E+00

6.326531E+00 0.000000E+00 2.324032E+01
6.326531E+00 2.040816E-01 2.659920E+01
6.326531E+00 4.081633E-01 3.005725E+01
6.326531E+00 6.122449E-01 3.363044E+01
6.326531E+00 8.163265E-01 3.733498E+01
6.326531E+00 1.020408E+00 4.118732E+01
6.326531E+00 1.224490E+00 4.520420E+01
6.326531E+00 1.428571E+00 4.940246E+01
6.326531E+00 1.632653E+00 5.379871E+01
6.326531E+00 1.836735E+00 5.840865E+01
6.326531E+00 2.040816E+00 6.324579E+01
6.326531E+00 2.244898E+00 6.831956E+01
6.326531E+00 2.448980E+00 7.363244E+01
6.326531E+00 2.653061E+00 7.917594E+01
6.326531E+00 2.857143E+00 8.492572E+01
6.326531E+00 3.061224E+00 9.083585E+01
6.326531E+00 3.265306E+00 9.683314E+01
6.326531E+00 3.469388E+00 1.028126E+02
6.326531E+00 3.673469E+00 1.086357E+02
6.326531E+00 3.877551E+00 1.141318E+02
6.326531E+00 4.081633E+00 1.191062E+02
6.326531E+00 4.285714E+00 1.233523E+02
6.326531E+00 4.489796E+00 1.266693E+02
6.326531E+00 4.693878E+00 1.288816E+02
6.326531E+00 4.897959E+00 1.298588E+02
6.326531E+00 5.102041E+00 1.295305E+02
6.326531E+00 5.306122E+00 1.278955E+02
6.326531E+00 5.510204E+00 1.250214E+02
6.326531E+00 5.714286E+00 1.210360E+02
6.326531E+00 5.918367E+00 1.161119E+02
6.326531E+00 6.122449E+00 1.104475E+02
6.326531E+00 6.326531E+00 1.042465E+02
6.326531E+00 6.530612E+00 9.770092E+01
6.326531E+00 6.734694E+00 9.097820E+01
6.326531E+00 6.938776E+00 8.421413E+01
6.326531E+00 7.142857E+00 7.751062E+01
6.326531E+00 7.346939E+00 7.093774E+01
6.326531E+00 7.551020E+00 6.453821E+01
6.326531E+00 7.755102E+00 5.833308E+01
6.326531E+00 7.959184E+00 5.232740E+01
6.326531E+00 8.163265E+00 4.651521E+01
6.326531E+00 8.367347E+00 4.088346E+01
6.326531E+00 8.571429E+00 3.541490E+01
6.326531E+00 8.775510E+00 3.009002E+01
6.326531E+00 8.979592E+00 2.488827E+01
6.326531E+00 9.183673E+00 1.978879E+01
6.326531E+00 9.387755E+00 1.477076E+01
6.326531E+00 9.591837E+00 9.813530E+00
6.326531E+00 9.795918E+00 4.896692E+00
6.326531E+00 1.000000E+01 0.000000E+00

6.530612E+00 0.000000E+00 2.265723E+01
6.530612E+00 2.040816E-01 2.584406E+01
6.530612E+00 4.081633E-01 2.912765E+01
6.530612E+00 6.122449E-01 3.252150E+01
6.530612E+00 8.163265E-01 3.603915E+01
6.530612E+00 1.020408E+00 3.969421E+01
6.530612E+00 1.224490E+00 4.350018E+01
6.530612E+00 1.428571E+00 4.747031E+01
6.530612E+00 1.632653E+00 5.161716E+01
6.530612E+00 1.836735E+00 5.595189E+01
6.530612E+00 2.040816E+00 6.048311E+01
6.530612E+00 2.244898E+00 6.521515E+01
6.530612E+00 2.448980E+00 7.014559E+01
6.530612E+00 2.653061E+00 7.526194E+01
6.530612E+00 2.857143E+00 8.053756E+01
6.530612E+00 3.061224E+00 8.592714E+01
6.530612E+00 3.265306E+00 9.136223E+01
6.530612E+00 3.469388E+00 9.674785E+01
6.530612E+00 3.673469E+00 1.019613E+02
6.530612E+00 3.877551E+00 1.068543E+02
6.530612E+00 4.081633E+00 1.112593E+02
6.530612E+00 4.285714E+00 1.150001E+02
6.530612E+00 4.489796E+00 1.179067E+02
6.530612E+00 4.693878E+00 1.198311E+02
6.530612E+00 4.897959E+00 1.206635E+02
6.530612E+00 5.102041E+00 1.203450E+02
6.530612E+00 5.306122E+00 1.188742E+02
6.530612E+00 5.510204E+00 1.163075E+02
6.530612E+00 5.714286E+00 1.127520E+02
6.530612E+00 5.918367E+00 1.083532E+02
6.530612E+00 6.122449E+00 1.032783E+02
6.530612E+00 6.326531E+00 9.770092E+01
6.530612E+00 6.530612E+00 9.178569E+01
6.530612E+00 6.734694E+00 8.567812E+01
6.530612E+00 6.938776E+00 7.949798E+01
6.530612E+00 7.142857E+00 7.333725E+01
6.530612E+00 7.346939E+00 6.726131E+01
6.530612E+00 7.551020E+00 6.131229E+01
6.530612E+00 7.755102E+00 5.551355E+01
6.530612E+00 7.959184E+00 4.987417E+01
6.530612E+00 8.163265E+00 4.439308E+01
6.530612E+00 8.367347E+00 3.906231E+01
6.530612E+00 8.571429E+00 3.386951E+01
6.530612E+00 8.775510E+00 2.879965E+01
6.530612E+00 8.979592E+00 2.383621E+01
6.530612E+00 9.183673E+00 1.896186E+01
6.530612E+00 9.387755E+00 1.415892E+01
6.530612E+00 9.591837E+00 9.409533E+00
6.530612E+00 9.795918E+00 4.695847E+00
6.530612E+00 1.000000E+01 0.000000E+00

6.734694E+00 0.000000E+00 2.199084E+01
6.734694E+00 2.040816E-01 2.499214E+01
6.734694E+00 4.081633E-01 2.808776E+01
6.734694E+00 6.122449E-01 3.128865E+01
6.734694E+00 8.163265E-01 3.460574E+01
6.734694E+00 1.020408E+00 3.804972E+01
6.734694E+00 1.224490E+00 4.163100E+01
6.734694E+00 1.428571E+00 4.535934E+01
6.734694E+00 1.632653E+00 4.924345E+01
6.734694E+00 1.836735E+00 5.329030E+01
6.734694E+00 2.040816E+00 5.750403E+01
6.734694E+00 2.244898E+00 6.188444E+01
6.734694E+00 2.448980E+00 6.642490E+01
6.734694E+00 2.653061E+00 7.110963E+01
6.734694E+00 2.857143E+00 7.591050E+01
6.734694E+00 3.061224E+00 8.078343E+01
6.734694E+00 3.265306E+00 8.566509E+01
6.734694E+00 3.469388E+00 9.047051E+01
6.734694E+00 3.673469E+00 9.509250E+01
6.734694E+00 3.877551E+00 9.940374E+01
6.734694E+00 4.081633E+00 1.032623E+02
6.734694E+00 4.285714E+00 1.065205E+02
6.734694E+00 4.489796E+00 1.090366E+02
6.734694E+00 4.693878E+00 1.106882E+02
6.734694E+00 4.897959E+00 1.113845E+02
6.734694E+00 5.102041E+00 1.110770E+02
6.734694E+00 5.306122E+00 1.097642E+02
6.734694E+00 5.510204E+00 1.074925E+02
6.734694E+00 5.714286E+00 1.043498E+02
6.734694E+00 5.918367E+00 1.004562E+02
6.734694E+00 6.122449E+00 9.595064E+01
6.734694E+00 6.326531E+00 9.097820E+01
6.734694E+00 6.530612E+00 8.567812E+01
6.734694E+00 6.734694E+00 8.017490E+01
6.734694E+00 6.938776E+00 7.457291E+01
6.734694E+00 7.142857E+00 6.895415E+01
6.734694E+00 7.346939E+00 6.337893E+01
6.734694E+00 7.551020E+00 5.788817E+01
6.734694E+00 7.755102E+00 5.250675E+01
6.734694E+00 7.959184E+00 4.724708E+01
6.734694E+00 8.163265E+00 4.211228E+01
6.734694E+00 8.367347E+00 3.709891E+01
6.734694E+00 8.571429E+00 3.219906E+01
6.734694E+00 8.775510E+00 2.740187E+01
6.734694E+00 8.979592E+00 2.269461E+01
6.734694E+00 9.183673E+00 1.806334E+01
6.734694E+00 9.387755E+00 1.349343E+01
6.734694E+00 9.591837E+00 8.969807E+00
6.734694E+00 9.795918E+00 4.477148E+00
6.734694E+00 1.000000E+01 0.000000E+00

6.938776E+00 0.000000E+00 2.124115E+01
6.938776E+00 2.040816E-01 2.404591E+01
6.938776E+00 4.081633E-01 2.694255E+01
6.938776E+00 6.122449E-01 2.993957E+01
6.938776E+00 8.163265E-01 3.304527E+01
6.938776E+00 1.020408E+00 3.626762E+01
6.938776E+00 1.224490E+00 3.961404E+01
6.938776E+00 1.428571E+00 4.309107E+01
6.938776E+00 1.632653E+00 4.670394E+01
6.938776E+00 1.836735E+00 5.045587E+01
6.938776E+00 2.040816E+00 5.434712E+01
6.938776E+00 2.244898E+00 5.837369E+01
6.938776E+00 2.448980E+00 6.252556E+01
6.938776E+00 2.653061E+00 6.678457E+01
6.938776E+00 2.857143E+00 7.112184E+01
6.938776E+00 3.061224E+00 7.549517E+01
6.938776E+00 3.265306E+00 7.984662E+01
6.938776E+00 3.469388E+00 8.410093E+01
6.938776E+00 3.673469E+00 8.816543E+01
6.938776E+00 3.877551E+00 9.193211E+01
6.938776E+00 4.081633E+00 9.528226E+01
6.938776E+00 4.285714E+00 9.809368E+01
6.938776E+00 4.489796E+00 1.002501E+02
6.938776E+00 4.693878E+00 1.016516E+02
6.938776E+00 4.897959E+00 1.022246E+02
6.938776E+00 5.102041E+00 1.019293E+02
6.938776E+00 5.306122E+00 1.007645E+02
6.938776E+00 5.510204E+00 9.876750E+01
6.938776E+00 5.714286E+00 9.600941E+01
6.938776E+00 5.918367E+00 9.258768E+01
6.938776E+00 6.122449E+00 8.861606E+01
6.938776E+00 6.326531E+00 8.421413E+01
6.938776E+00 6.530612E+00 7.949798E+01
6.938776E+00 6.734694E+00 7.457291E+01
6.938776E+00 6.938776E+00 6.952878E+01
6.938776E+00 7.142857E+00 6.443798E+01
6.938776E+00 7.346939E+00 5.935546E+01
6.938776E+00 7.551020E+00 5.432033E+01
6.938776E+00 7.755102E+00 4.935822E+01
6.938776E+00 7.959184E+00 4.448397E+01
6.938776E+00 8.163265E+00 3.970408E+01
6.938776E+00 8.367347E+00 3.501892E+01
6.938776E+00 8.571429E+00 3.042443E+01
6.938776E+00 8.775510E+00 2.591346E+01
6.938776E+00 8.979592E+00 2.147668E+01
6.938776E+00 9.183673E+00 1.710332E+01
6.938776E+00 9.387755E+00 1.278160E+01
6.938776E+00 9.591837E+00 8.499091E+00
6.938776E+00 9.795918E+00 4.242930E+00
6.938776E+00 1.000000E+01 0.000000E+00

7.142857E+00 0.000000E+00 2.040816E+01
7.142857E+00 2.040816E-01 2.300779E+01
7.142857E+00 4.081633E-01 2.569696E+01
7.142857E+00 6.122449E-01 2.848177E+01
7.142857E+00 8.163265E-01 3.136806E+01
7.142857E+00 1.020408E+00 3.436124E+01
7.142857E+00 1.224490E+00 3.746597E+01
7.142857E+00 1.428571E+00 4.068593E+01
7.142857E+00 1.632653E+00 4.402326E+01
7.142857E+00 1.836735E+00 4.747800E+01
7.142857E+00 2.040816E+00 5.104722E+01
7.142857E+00 2.244898E+00 5.472388E+01
7.142857E+00 2.448980E+00 5.849548E+01
7.142857E+00 2.653061E+00 6.234231E+01
7.142857E+00 2.857143E+00 6.623556E+01
7.142857E+00 3.061224E+00 7.013545E+01
7.142857E+00 3.265306E+00 7.398949E+01
7.142857E+00 3.469388E+00 7.773164E+01
7.142857E+00 3.673469E+00 8.128252E+01
7.142857E+00 3.877551E+00 8.455136E+01
7.142857E+00 4.081633E+00 8.743987E+01
7.142857E+00 4.285714E+00 8.984809E+01
7.142857E+00 4.489796E+00 9.168175E+01
7.142857E+00 4.693878E+00 9.286029E+01
7.142857E+00 4.897959E+00 9.332456E+01
7.142857E+00 5.102041E+00 9.304274E+01
7.142857E+00 5.306122E+00 9.201367E+01
7.142857E+00 5.510204E+00 9.026677E+01
7.142857E+00 5.714286E+00 8.785885E+01
7.142857E+00 5.918367E+00 8.486802E+01
7.142857E+00 6.122449E+00 8.138612E+01
7.142857E+00 6.326531E+00 7.751062E+01
7.142857E+00 6.530612E+00 7.333725E+01
7.142857E+00 6.734694E+00 6.895415E+01
7.142857E+00 6.938776E+00 6.443798E+01
7.142857E+00 7.142857E+00 5.985197E+01
7.142857E+00 7.346939E+00 5.524567E+01
7.142857E+00 7.551020E+00 5.065584E+01
7.142857E+00 7.755102E+00 4.610810E+01
7.142857E+00 7.959184E+00 4.161882E+01
7.142857E+00 8.163265E+00 3.719705E+01
7.142857E+00 8.367347E+00 3.284615E+01
7.142857E+00 8.571429E+00 2.856526E+01
7.142857E+00 8.775510E+00 2.435035E+01
7.142857E+00 8.979592E+00 2.019511E+01
7.142857E+00 9.183673E+00 1.609155E+01
7.142857E+00 9.387755E+00 1.203052E+01
7.142857E+00 9.591837E+00 8.002012E+00
7.142857E+00 9.795918E+00 3.995473E+00
7.142857E+00 1.000000E+01 0.000000E+00

7.346939E+00 0.000000E+00 1.949188E+01
7.346939E+00 2.040816E-01 2.188013E+01
7.346939E+00 4.081633E-01 2.435570E+01
7.346939E+00 6.122449E-01 2.692245E+01
7.346939E+00 8.163265E-01 2.958392E+01
7.346939E+00 1.020408E+00 3.234314E+01
7.346939E+00 1.224490E+00 3.520237E+01
7.346939E+00 1.428571E+00 3.816272E+01
7.346939E+00 1.632653E+00 4.122378E+01
7.346939E+00 1.836735E+00 4.438296E+01
7.346939E+00 2.040816E+00 4.763481E+01
7.346939E+00 2.244898E+00 5.097008E+01
7.346939E+00 2.448980E+00 5.437460E+01
7.346939E+00 2.653061E+00 5.782794E+01
7.346939E+00 2.857143E+00 6.130208E+01
7.346939E+00 3.061224E+00 6.476001E+01
7.346939E+00 3.265306E+00 6.815471E+01
7.346939E+00 3.469388E+00 7.142867E+01
7.346939E+00 3.673469E+00 7.451440E+01
7.346939E+00 3.877551E+00 7.733620E+01
7.346939E+00 4.081633E+00 7.981333E+01
7.346939E+00 4.285714E+00 8.186470E+01
7.346939E+00 4.489796E+00 8.341453E+01
7.346939E+00 4.693878E+00 8.439850E+01
7.346939E+00 4.897959E+00 8.476957E+01
7.346939E+00 5.102041E+00 8.450242E+01
7.346939E+00 5.306122E+00 8.359592E+01
7.346939E+00 5.510204E+00 8.207312E+01
7.346939E+00 5.714286E+00 7.997881E+01
7.346939E+00 5.918367E+00 7.737497E+01
7.346939E+00 6.122449E+00 7.433505E+01
7.346939E+00 6.326531E+00 7.093774E+01
7.346939E+00 6.530612E+00 6.726131E+01
7.346939E+00 6.734694E+00 6.337893E+01
7.346939E+00 6.938776E+00 5.935546E+01
7.346939E+00 7.142857E+00 5.524567E+01
7.346939E+00 7.346939E+00 5.109375E+01
7.346939E+00 7.551020E+00 4.693370E+01
7.346939E+00 7.755102E+00 4.279045E+01
7.346939E+00 7.959184E+00 3.868111E+01
7.346939E+00 8.163265E+00 3.461642E+01
7.346939E+00 8.367347E+00 3.060198E+01
7.346939E+00 8.571429E+00 2.663942E+01
7.346939E+00 8.775510E+00 2.272726E+01
7.346939E+00 8.979592E+00 1.886171E+01
7.346939E+00 9.183673E+00 1.503721E+01
7.346939E+00 9.387755E+00 1.124689E+01
7.346939E+00 9.591837E+00 7.482954E+00
7.346939E+00 9.795918E+00 3.736946E+00
7.346939E+00 1.000000E+01 0.000000E+00

7.551020E+00 0.000000E+00 1.849229E+01
7.551020E+00 2.040816E-01 2.066516E+01
7.551020E+00 4.081633E-01 2.292327E+01
7.551020E+00 6.122449E-01 2.526839E+01
7.551020E+00 8.163265E-01 2.770198E+01
7.551020E+00 1.020408E+00 3.022495E+01
7.551020E+00 1.224490E+00 3.283742E+01
7.551020E+00 1.428571E+00 3.553839E+01
7.551020E+00 1.632653E+00 3.832529E+01
7.551020E+00 1.836735E+00 4.119352E+01
7.551020E+00 2.040816E+00 4.413578E+01
7.551020E+00 2.244898E+00 4.714132E+01
7.551020E+00 2.448980E+00 5.019504E+01
7.551020E+00 2.653061E+00 5.327655E+01
7.551020E+00 2.857143E+00 5.635913E+01
7.551020E+00 3.061224E+00 5.940888E+01
7.551020E+00 3.265306E+00 6.238403E+01
7.551020E+00 3.469388E+00 6.523490E+01
7.551020E+00 3.673469E+00 6.790445E+01
7.551020E+00 3.877551E+00 7.032989E+01
7.551020E+00 4.081633E+00 7.244531E+01
7.551020E+00 4.285714E+00 7.418529E+01
7.551020E+00 4.489796E+00 7.548929E+01
7.551020E+00 4.693878E+00 7.630631E+01
7.551020E+00 4.897959E+00 7.659916E+01
7.551020E+00 5.102041E+00 7.634780E+01
7.551020E+00 5.306122E+00 7.555116E+01
7.551020E+00 5.510204E+00 7.422713E+01
7.551020E+00 5.714286E+00 7.241073E+01
7.551020E+00 5.918367E+00 7.015077E+01
7.551020E+00 6.122449E+00 6.750555E+01
7.551020E+00 6.326531E+00 6.453821E+01
7.551020E+00 6.530612E+00 6.131229E+01
7.551020E+00 6.734694E+00 5.788817E+01
7.551020E+00 6.938776E+00 5.432033E+01
7.551020E+00 7.142857E+00 5.065584E+01
7.551020E+00 7.346939E+00 4.693370E+01
7.551020E+00 7.551020E+00 4.318492E+01
7.551020E+00 7.755102E+00 3.943315E+01
7.551020E+00 7.959184E+00 3.569556E+01
7.551020E+00 8.163265E+00 3.198383E+01
7.551020E+00 8.367347E+00 2.830507E+01
7.551020E+00 8.571429E+00 2.466273E+01
7.551020E+00 8.775510E+00 2.105735E+01
7.551020E+00 8.979592E+00 1.748717E+01
7.551020E+00 9.183673E+00 1.394863E+01
7.551020E+00 9.387755E+00 1.043686E+01
7.551020E+00 9.591837E+00 6.945962E+00
7.551020E+00 9.795918E+00 3.469355E+00
7.551020E+00 1.000000E+01 0.000000E+00

7.755102E+00 0.000000E+00 1.740941E+01
7.755102E+00 2.040816E-01 1.936495E+01
7.755102E+00 4.081633E-01 2.140381E+01
7.755102E+00 6.122449E-01 2.352585E+01
7.755102E+00 8.163265E-01 2.573063E+01
7.755102E+00 1.020408E+00 2.801720E+01
7.755102E+00 1.224490E+00 3.038387E+01
7.755102E+00 1.428571E+00 3.282785E+01
7.755102E+00 1.632653E+00 3.534494E+01
7.755102E+00 1.836735E+00 3.792902E+01
7.755102E+00 2.040816E+00 4.057154E+01
7.755102E+00 2.244898E+00 4.326089E+01
7.755102E+00 2.448980E+00 4.598172E+01
7.755102E+00 2.653061E+00 4.871423E+01
7.755102E+00 2.857143E+00 5.143345E+01
7.755102E+00 3.061224E+00 5.410871E+01
7.755102E+00 3.265306E+00 5.670329E+01
7.755102E+00 3.469388E+00 5.917451E+01
7.755102E+00 3.673469E+00 6.147444E+01
7.755102E+00 3.877551E+00 6.355123E+01
7.755102E+00 4.081633E+00 6.535126E+01
7.755102E+00 4.285714E+00 6.682199E+01
7.755102E+00 4.489796E+00 6.791524E+01
7.755102E+00 4.693878E+00 6.859069E+01
7.755102E+00 4.897959E+00 6.881908E+01
7.755102E+00 5.102041E+00 6.858458E+01
7.755102E+00 5.306122E+00 6.788620E+01
7.755102E+00 5.510204E+00 6.673770E+01
7.755102E+00 5.714286E+00 6.516634E+01
7.755102E+00 5.918367E+00 6.321036E+01
7.755102E+00 6.122449E+00 6.091581E+01
7.755102E+00 6.326531E+00 5.833308E+01
7.755102E+00 6.530612E+00 5.551355E+01
7.755102E+00 6.734694E+00 5.250675E+01
7.755102E+00 6.938776E+00 4.935822E+01
7.755102E+00 7.142857E+00 4.610810E+01
7.755102E+00 7.346939E+00 4.279045E+01
7.755102E+00 7.551020E+00 3.943315E+01
7.755102E+00 7.755102E+00 3.605819E+01
7.755102E+00 7.959184E+00 3.268222E+01
7.755102E+00 8.163265E+00 2.931722E+01
7.755102E+00 8.367347E+00 2.597119E+01
7.755102E+00 8.571429E+00 2.264883E+01
7.755102E+00 8.775510E+00 1.935213E+01
7.755102E+00 8.979592E+00 1.608092E+01
7.755102E+00 9.183673E+00 1.283327E+01
7.755102E+00 9.387755E+00 9.605940E+00
7.755102E+00 9.591837E+00 6.394678E+00
7.755102E+00 9.795918E+00 3.194510E+00
7.755102E+00 1.000000E+01 0.000000E+00

7.959184E+00 0.000000E+00 1.624323E+01
7.959184E+00 2.040816E-01 1.798143E+01
7.959184E+00 4.081633E-01 1.980117E+01
7.959184E+00 6.122449E-01 2.170056E+01
7.959184E+00 8.163265E-01 2.367747E+01
7.959184E+00 1.020408E+00 2.572933E+01
7.959184E+00 1.224490E+00 2.785292E+01
7.959184E+00 1.428571E+00 3.004406E+01
7.959184E+00 1.632653E+00 3.229729E+01
7.959184E+00 1.836735E+00 3.460547E+01
7.959184E+00 2.040816E+00 3.695933E+01
7.959184E+00 2.244898E+00 3.934695E+01
7.959184E+00 2.448980E+00 4.175325E+01
7.959184E+00 2.653061E+00 4.415946E+01
7.959184E+00 2.857143E+00 4.654268E+01
7.959184E+00 3.061224E+00 4.887549E+01
7.959184E+00 3.265306E+00 5.112590E+01
7.959184E+00 3.469388E+00 5.325751E+01
7.959184E+00 3.673469E+00 5.523022E+01
7.959184E+00 3.877551E+00 5.700138E+01
7.959184E+00 4.081633E+00 5.852748E+01
7.959184E+00 4.285714E+00 5.976643E+01
7.959184E+00 4.489796E+00 6.067995E+01
7.959184E+00 4.693878E+00 6.123626E+01
7.959184E+00 4.897959E+00 6.141233E+01
7.959184E+00 5.102041E+00 6.119570E+01
7.959184E+00 5.306122E+00 6.058544E+01
7.959184E+00 5.510204E+00 5.959212E+01
7.959184E+00 5.714286E+00 5.823684E+01
7.959184E+00 5.918367E+00 5.654947E+01
7.959184E+00 6.122449E+00 5.456630E+01
7.959184E+00 6.326531E+00 5.232740E+01
7.959184E+00 6.530612E+00 4.987417E+01
7.959184E+00 6.734694E+00 4.724708E+01
7.959184E+00 6.938776E+00 4.448397E+01
7.959184E+00 7.142857E+00 4.161882E+01
7.959184E+00 7.346939E+00 3.868111E+01
7.959184E+00 7.551020E+00 3.569556E+01
7.959184E+00 7.755102E+00 3.268222E+01
7.959184E+00 7.959184E+00 2.965679E+01
7.959184E+00 8.163265E+00 2.663104E+01
7.959184E+00 8.367347E+00 2.361333E+01
7.959184E+00 8.571429E+00 2.060911E+01
7.959184E+00 8.775510E+00 1.762136E+01
7.959184E+00 8.979592E+00 1.465106E+01
7.959184E+00 9.183673E+00 1.169757E+01
7.959184E+00 9.387755E+00 8.758950E+00
7.959184E+00 9.591837E+00 5.832299E+00
7.959184E+00 9.795918E+00 2.914004E+00
7.959184E+00 1.000000E+01 0.000000E+00

8.163265E+00 0.000000E+00 1.499375E+01
8.163265E+00 2.040816E-01 1.651637E+01
8.163265E+00 4.081633E-01 1.811887E+01
8.163265E+00 6.122449E-01 1.979774E+01
8.163265E+00 8.163265E-01 2.154935E+01
8.163265E+00 1.020408E+00 2.336972E+01
8.163265E+00 1.224490E+00 2.525438E+01
8.163265E+00 1.428571E+00 2.719809E+01
8.163265E+00 1.632653E+00 2.919451E+01
8.163265E+00 1.836735E+00 3.123592E+01
8.163265E+00 2.040816E+00 3.331274E+01
8.163265E+00 2.244898E+00 3.541320E+01
8.163265E+00 2.448980E+00 3.752292E+01
8.163265E+00 2.653061E+00 3.962450E+01
8.163265E+00 2.857143E+00 4.169725E+01
8.163265E+00 3.061224E+00 4.371701E+01
8.163265E+00 3.265306E+00 4.565615E+01
8.163265E+00 3.469388E+00 4.748385E+01
8.163265E+00 3.673469E+00 4.916672E+01
8.163265E+00 3.877551E+00 5.066981E+01
8.163265E+00 4.081633E+00 5.195792E+01
8.163265E+00 4.285714E+00 5.299735E+01
8.163265E+00 4.489796E+00 5.375777E+01
8.163265E+00 4.693878E+00 5.421411E+01
8.163265E+00 4.897959E+00 5.434829E+01
8.163265E+00 5.102041E+00 5.415048E+01
8.163265E+00 5.306122E+00 5.361981E+01
8.163265E+00 5.510204E+00 5.276438E+01
8.163265E+00 5.714286E+00 5.160049E+01
8.163265E+00 5.918367E+00 5.015144E+01
8.163265E+00 6.122449E+00 4.844574E+01
8.163265E+00 6.326531E+00 4.651521E+01
8.163265E+00 6.530612E+00 4.439308E+01
8.163265E+00 6.734694E+00 4.211228E+01
8.163265E+00 6.938776E+00 3.970408E+01
8.163265E+00 7.142857E+00 3.719705E+01
8.163265E+00 7.346939E+00 3.461642E+01
8.163265E+00 7.551020E+00 3.198383E+01
8.163265E+00 7.755102E+00 2.931722E+01
8.163265E+00 7.959184E+00 2.663104E+01
8.163265E+00 8.163265E+00 2.393647E+01
8.163265E+00 8.367347E+00 2.124182E+01
8.163265E+00 8.571429E+00 1.855283E+01
8.163265E+00 8.775510E+00 1.587310E+01
8.163265E+00 8.979592E+00 1.320439E+01
8.163265E+00 9.183673E+00 1.054699E+01
8.163265E+00 9.387755E+00 7.899990E+00
8.163265E+00 9.591837E+00 5.261561E+00
8.163265E+00 9.795918E+00 2.629208E+00
8.163265E+00 1.000000E+01 0.000000E+00

8.367347E+00 0.000000E+00 1.366097E+01
8.367347E+00 2.040816E-01 1.497144E+01
8.367347E+00 4.081633E-01 1.636018E+01
8.367347E+00 6.122449E-01 1.782220E+01
8.367347E+00 8.163265E-01 1.935246E+01
8.367347E+00 1.020408E+00 2.094581E+01
8.367347E+00 1.224490E+00 2.259678E+01
8.367347E+00 1.428571E+00 2.429934E+01
8.367347E+00 1.632653E+00 2.604667E+01
8.367347E+00 1.836735E+00 2.783076E+01
8.367347E+00 2.040816E+00 2.964216E+01
8.367347E+00 2.244898E+00 3.146960E+01
8.367347E+00 2.448980E+00 3.329968E+01
8.367347E+00 2.653061E+00 3.511664E+01
8.367347E+00 2.857143E+00 3.690210E+01
8.367347E+00 3.061224E+00 3.863504E+01
8.367347E+00 3.265306E+00 4.029186E+01
8.367347E+00 3.469388E+00 4.184667E+01
8.367347E+00 3.673469E+00 4.327186E+01
8.367347E+00 3.877551E+00 4.453888E+01
8.367347E+00 4.081633E+00 4.561938E+01
8.367347E+00 4.285714E+00 4.648644E+01
8.367347E+00 4.489796E+00 4.711605E+01
8.367347E+00 4.693878E+00 4.748847E+01
8.367347E+00 4.897959E+00 4.758948E+01
8.367347E+00 5.102041E+00 4.741135E+01
8.367347E+00 5.306122E+00 4.695329E+01
8.367347E+00 5.510204E+00 4.622146E+01
8.367347E+00 5.714286E+00 4.522847E+01
8.367347E+00 5.918367E+00 4.399243E+01
8.367347E+00 6.122449E+00 4.253570E+01
8.367347E+00 6.326531E+00 4.088346E+01
8.367347E+00 6.530612E+00 3.906231E+01
8.367347E+00 6.734694E+00 3.709891E+01
8.367347E+00 6.938776E+00 3.501892E+01
8.367347E+00 7.142857E+00 3.284615E+01
8.367347E+00 7.346939E+00 3.060198E+01
8.367347E+00 7.551020E+00 2.830507E+01
8.367347E+00 7.755102E+00 2.597119E+01
8.367347E+00 7.959184E+00 2.361333E+01
8.367347E+00 8.163265E+00 2.124182E+01
8.367347E+00 8.367347E+00 1.886455E+01
8.367347E+00 8.571429E+00 1.648725E+01
8.367347E+00 8.775510E+00 1.411378E+01
8.367347E+00 8.979592E+00 1.174640E+01
8.367347E+00 9.183673E+00 9.386006E+00
8.367347E+00 9.387755E+00 7.032457E+00
8.367347E+00 9.591837E+00 4.684748E+00
8.367347E+00 9.795918E+00 2.341267E+00
8.367347E+00 1.000000E+01 0.000000E+00

8.571429E+00 0.000000E+00 1.224490E+01
8.571429E+00 2.040816E-01 1.334822E+01
8.571429E+00 4.081633E-01 1.452822E+01
8.571429E+00 6.122449E-01 1.577841E+01
8.571429E+00 8.163265E-01 1.709249E+01
8.571429E+00 1.020408E+00 1.846428E+01
8.571429E+00 1.224490E+00 1.988756E+01
8.571429E+00 1.428571E+00 2.135582E+01
8.571429E+00 1.632653E+00 2.286201E+01
8.571429E+00 1.836735E+00 2.439821E+01
8.571429E+00 2.040816E+00 2.595538E+01
8.571429E+00 2.244898E+00 2.752304E+01
8.571429E+00 2.448980E+00 2.908905E+01
8.571429E+00 2.653061E+00 3.063940E+01
8.571429E+00 2.857143E+00 3.215808E+01
8.571429E+00 3.061224E+00 3.362709E+01
8.571429E+00 3.265306E+00 3.502651E+01
8.571429E+00 3.469388E+00 3.633484E+01
8.571429E+00 3.673469E+00 3.752942E+01
8.571429E+00 3.877551E+00 3.858713E+01
8.571429E+00 4.081633E+00 3.948521E+01
8.571429E+00 4.285714E+00 4.020229E+01
8.571429E+00 4.489796E+00 4.071940E+01
8.571429E+00 4.693878E+00 4.102104E+01
8.571429E+00 4.897959E+00 4.109608E+01
8.571429E+00 5.102041E+00 4.093842E+01
8.571429E+00 5.306122E+00 4.054735E+01
8.571429E+00 5.510204E+00 3.992758E+01
8.571429E+00 5.714286E+00 3.908879E+01
8.571429E+00 5.918367E+00 3.804504E+01
8.571429E+00 6.122449E+00 3.681379E+01
8.571429E+00 6.326531E+00 3.541490E+01
8.571429E+00 6.530612E+00 3.386951E+01
8.571429E+00 6.734694E+00 3.219906E+01
8.571429E+00 6.938776E+00 3.042443E+01
8.571429E+00 7.142857E+00 2.856526E+01
8.571429E+00 7.346939E+00 2.663942E+01
8.571429E+00 7.551020E+00 2.466273E+01
8.571429E+00 7.755102E+00 2.264883E+01
8.571429E+00 7.959184E+00 2.060911E+01
8.571429E+00 8.163265E+00 1.855283E+01
8.571429E+00 8.367347E+00 1.648725E+01
8.571429E+00 8.571429E+00 1.441782E+01
8.571429E+00 8.775510E+00 1.234838E+01
8.571429E+00 8.979592E+00 1.028140E+01
8.571429E+00 9.183673E+00 8.218182E+00
8.571429E+00 9.387755E+00 6.159081E+00
8.571429E+00 9.591837E+00 4.103705E+00
8.571429E+00 9.795918E+00 2.051112E+00
8.571429E+00 1.000000E+01 0.000000E+00

8.775510E+00 0.000000E+00 1.074552E+01
8.775510E+00 2.040816E-01 1.164832E+01
8.775510E+00 4.081633E-01 1.262606E+01
8.775510E+00 6.122449E-01 1.367073E+01
8.775510E+00 8.163265E-01 1.477481E+01
8.775510E+00 1.020408E+00 1.593127E+01
8.775510E+00 1.224490E+00 1.713336E+01
8.775510E+00 1.428571E+00 1.837436E+01
8.775510E+00 1.632653E+00 1.964730E+01
8.775510E+00 1.836735E+00 2.094464E+01
8.775510E+00 2.040816E+00 2.225801E+01
8.775510E+00 2.244898E+00 2.357797E+01
8.775510E+00 2.448980E+00 2.489381E+01
8.775510E+00 2.653061E+00 2.619339E+01
8.775510E+00 2.857143E+00 2.746306E+01
8.775510E+00 3.061224E+00 2.868768E+01
8.775510E+00 3.265306E+00 2.985075E+01
8.775510E+00 3.469388E+00 3.093465E+01
8.775510E+00 3.673469E+00 3.192104E+01
8.775510E+00 3.877551E+00 3.279137E+01
8.775510E+00 4.081633E+00 3.352759E+01
8.775510E+00 4.285714E+00 3.411283E+01
8.775510E+00 4.489796E+00 3.453223E+01
8.775510E+00 4.693878E+00 3.477371E+01
8.775510E+00 4.897959E+00 3.482860E+01
8.775510E+00 5.102041E+00 3.469211E+01
8.775510E+00 5.306122E+00 3.436364E+01
8.775510E+00 5.510204E+00 3.384673E+01
8.775510E+00 5.714286E+00 3.314880E+01
8.775510E+00 5.918367E+00 3.228068E+01
8.775510E+00 6.122449E+00 3.125591E+01
8.775510E+00 6.326531E+00 3.009002E+01
8.775510E+00 6.530612E+00 2.879965E+01
8.775510E+00 6.734694E+00 2.740187E+01
8.775510E+00 6.938776E+00 2.591346E+01
8.775510E+00 7.142857E+00 2.435035E+01
8.775510E+00 7.346939E+00 2.272726E+01
8.775510E+00 7.551020E+00 2.105735E+01
8.775510E+00 7.755102E+00 1.935213E+01
8.775510E+00 7.959184E+00 1.762136E+01
8.775510E+00 8.163265E+00 1.587310E+01
8.775510E+00 8.367347E+00 1.411378E+01
8.775510E+00 8.571429E+00 1.234838E+01
8.775510E+00 8.775510E+00 1.058051E+01
8.775510E+00 8.979592E+00 8.812637E+00
8.775510E+00 9.183673E+00 7.046241E+00
8.775510E+00 9.387755E+00 5.281982E+00
8.775510E+00 9.591837E+00 3.519879E+00
8.775510E+00 9.795918E+00 1.759475E+00
8.775510E+00 1.000000E+01 0.000000E+00

8.979592E+00 0.000000E+00 9.162849E+00
8.979592E+00 2.040816E-01 9.873485E+00
8.979592E+00 4.081633E-01 1.065698E+01
8.979592E+00 6.122449E-01 1.150363E+01
8.979592E+00 8.163265E-01 1.240474E+01
8.979592E+00 1.020408E+00 1.335261E+01
8.979592E+00 1.224490E+00 1.434024E+01
8.979592E+00 1.428571E+00 1.536097E+01
8.979592E+00 1.632653E+00 1.640819E+01
8.979592E+00 1.836735E+00 1.747502E+01
8.979592E+00 2.040816E+00 1.855401E+01
8.979592E+00 2.244898E+00 1.963696E+01
8.979592E+00 2.448980E+00 2.071472E+01
8.979592E+00 2.653061E+00 2.177709E+01
8.979592E+00 2.857143E+00 2.281276E+01
8.979592E+00 3.061224E+00 2.380933E+01
8.979592E+00 3.265306E+00 2.475344E+01
8.979592E+00 3.469388E+00 2.563098E+01
8.979592E+00 3.673469E+00 2.642737E+01
8.979592E+00 3.877551E+00 2.712803E+01
8.979592E+00 4.081633E+00 2.771883E+01
8.979592E+00 4.285714E+00 2.818671E+01
8.979592E+00 4.489796E+00 2.852017E+01
8.979592E+00 4.693878E+00 2.870992E+01
8.979592E+00 4.897959E+00 2.874929E+01
8.979592E+00 5.102041E+00 2.863459E+01
8.979592E+00 5.306122E+00 2.836530E+01
8.979592E+00 5.510204E+00 2.794407E+01
8.979592E+00 5.714286E+00 2.737651E+01
8.979592E+00 5.918367E+00 2.667085E+01
8.979592E+00 6.122449E+00 2.583746E+01
8.979592E+00 6.326531E+00 2.488827E+01
8.979592E+00 6.530612E+00 2.383621E+01
8.979592E+00 6.734694E+00 2.269461E+01
8.979592E+00 6.938776E+00 2.147668E+01
8.979592E+00 7.142857E+00 2.019511E+01
8.979592E+00 7.346939E+00 1.886171E+01
8.979592E+00 7.551020E+00 1.748717E+01
8.979592E+00 7.755102E+00 1.608092E+01
8.979592E+00 7.959184E+00 1.465106E+01
8.979592E+00 8.163265E+00 1.320439E+01
8.979592E+00 8.367347E+00 1.174640E+01
8.979592E+00 8.571429E+00 1.028140E+01
8.979592E+00 8.775510E+00 8.812637E+00
8.979592E+00 8.979592E+00 7.342400E+00
8.979592E+00 9.183673E+00 5.872162E+00
8.979592E+00 9.387755E+00 4.402725E+00
8.979592E+00 9.591837E+00 2.934353E+00
8.979592E+00 9.795918E+00 1.466911E+00
8.979592E+00 1.000000E+01 0.000000E+00

9.183673E+00 0.000000E+00 7.496876E+00
9.183673E+00 2.040816E-01 8.025786E+00
9.183673E+00 4.081633E-01 8.624754E+00
9.183673E+00 6.122449E-01 9.282061E+00
9.183673E+00 8.163265E-01 9.987919E+00
9.183673E+00 1.020408E+00 1.073421E+01
9.183673E+00 1.224490E+00 1.151401E+01
9.183673E+00 1.428571E+00 1.232107E+01
9.183673E+00 1.632653E+00 1.314948E+01
9.183673E+00 1.836735E+00 1.399323E+01
9.183673E+00 2.040816E+00 1.484603E+01
9.183673E+00 2.244898E+00 1.570110E+01
9.183673E+00 2.448980E+00 1.655096E+01
9.183673E+00 2.653061E+00 1.738739E+01
9.183673E+00 2.857143E+00 1.820140E+01
9.183673E+00 3.061224E+00 1.898321E+01
9.183673E+00 3.265306E+00 1.972239E+01
9.183673E+00 3.469388E+00 2.040799E+01
9.183673E+00 3.673469E+00 2.102883E+01
9.183673E+00 3.877551E+00 2.157375E+01
9.183673E+00 4.081633E+00 2.203206E+01
9.183673E+00 4.285714E+00 2.239386E+01
9.183673E+00 4.489796E+00 2.265055E+01
9.183673E+00 4.693878E+00 2.279512E+01
9.183673E+00 4.897959E+00 2.282260E+01
9.183673E+00 5.102041E+00 2.273021E+01
9.183673E+00 5.306122E+00 2.251752E+01
9.183673E+00 5.510204E+00 2.218647E+01
9.183673E+00 5.714286E+00 2.174119E+01
9.183673E+00 5.918367E+00 2.118780E+01
9.183673E+00 6.122449E+00 2.053402E+01
9.183673E+00 6.326531E+00 1.978879E+01
9.183673E+00 6.530612E+00 1.896186E+01
9.183673E+00 6.734694E+00 1.806334E+01
9.183673E+00 6.938776E+00 1.710332E+01
9.183673E+00 7.142857E+00 1.609155E+01
9.183673E+00 7.346939E+00 1.503721E+01
9.183673E+00 7.551020E+00 1.394863E+01
9.183673E+00 7.755102E+00 1.283327E+01
9.183673E+00 7.959184E+00 1.169757E+01
9.183673E+00 8.163265E+00 1.054699E+01
9.183673E+00 8.367347E+00 9.386006E+00
9.183673E+00 8.571429E+00 8.218182E+00
9.183673E+00 8.775510E+00 7.046241E+00
9.183673E+00 8.979592E+00 5.872162E+00
9.183673E+00 9.183673E+00 4.697283E+00
9.183673E+00 9.387755E+00 3.522404E+00
9.183673E+00 9.591837E+00 2.347897E+00
9.183673E+00 9.795918E+00 1.173816E+00
9.183673E+00 1.000000E+01 0.000000E+00

9.387755E+00 0.000000E+00 5.747605E+00
9.387755E+00 2.040816E-01 6.108028E+00
9.387755E+00 4.081633E-01 6.534187E+00
9.387755E+00 6.122449E-01 7.011942E+00
9.387755E+00 8.163265E-01 7.530663E+00
9.387755E+00 1.020408E+00 8.082307E+00
9.387755E+00 1.224490E+00 8.660503E+00
9.387755E+00 1.428571E+00 9.259846E+00
9.387755E+00 1.632653E+00 9.875405E+00
9.387755E+00 1.836735E+00 1.050237E+01
9.387755E+00 2.040816E+00 1.113580E+01
9.387755E+00 2.244898E+00 1.177043E+01
9.387755E+00 2.448980E+00 1.240059E+01
9.387755E+00 2.653061E+00 1.302008E+01
9.387755E+00 2.857143E+00 1.362218E+01
9.387755E+00 3.061224E+00 1.419964E+01
9.387755E+00 3.265306E+00 1.474477E+01
9.387755E+00 3.469388E+00 1.524958E+01
9.387755E+00 3.673469E+00 1.570593E+01
9.387755E+00 3.877551E+00 1.610576E+01
9.387755E+00 4.081633E+00 1.644137E+01
9.387755E+00 4.285714E+00 1.670565E+01
9.387755E+00 4.489796E+00 1.689247E+01
9.387755E+00 4.693878E+00 1.699682E+01
9.387755E+00 4.897959E+00 1.701516E+01
9.387755E+00 5.102041E+00 1.694549E+01
9.387755E+00 5.306122E+00 1.678750E+01
9.387755E+00 5.510204E+00 1.654253E+01
9.387755E+00 5.714286E+00 1.621350E+01
9.387755E+00 5.918367E+00 1.580472E+01
9.387755E+00 6.122449E+00 1.532168E+01
9.387755E+00 6.326531E+00 1.477076E+01
9.387755E+00 6.530612E+00 1.415892E+01
9.387755E+00 6.734694E+00 1.349343E+01
9.387755E+00 6.938776E+00 1.278160E+01
9.387755E+00 7.142857E+00 1.203052E+01
9.387755E+00 7.346939E+00 1.124689E+01
9.387755E+00 7.551020E+00 1.043686E+01
9.387755E+00 7.755102E+00 9.605940E+00
9.387755E+00 7.959184E+00 8.758950E+00
9.387755E+00 8.163265E+00 7.899990E+00
9.387755E+00 8.367347E+00 7.032457E+00
9.387755E+00 8.571429E+00 6.159081E+00
9.387755E+00 8.775510E+00 5.281982E+00
9.387755E+00 8.979592E+00 4.402725E+00
9.387755E+00 9.183673E+00 3.522404E+00
9.387755E+00 9.387755E+00 2.641710E+00
9.387755E+00 9.591837E+00 1.761016E+00
9.387755E+00 9.795918E+00 8.804548E-01
9.387755E+00 1.000000E+01 0.000000E+00

9.591837E+00 0.000000E+00 3.915035E+00
9.591837E+00 2.040816E-01 4.124536E+00
9.591837E+00 4.081633E-01 4.392024E+00
9.591837E+00 6.122449E-01 4.700858E+00
9.591837E+00 8.163265E-01 5.040482E+00
9.591837E+00 1.020408E+00 5.403851E+00
9.591837E+00 1.224490E+00 5.785851E+00
9.591837E+00 1.428571E+00 6.182402E+00
9.591837E+00 1.632653E+00 6.589930E+00
9.591837E+00 1.836735E+00 7.005048E+00
9.591837E+00 2.040816E+00 7.424343E+00
9.591837E+00 2.244898E+00 7.844234E+00
9.591837E+00 2.448980E+00 8.260887E+00
9.591837E+00 2.653061E+00 8.670157E+00
9.591837E+00 2.857143E+00 9.067571E+00
9.591837E+00 3.061224E+00 9.448342E+00
9.591837E+00 3.265306E+00 9.807415E+00
9.591837E+00 3.469388E+00 1.013955E+01
9.591837E+00 3.673469E+00 1.043945E+01
9.591837E+00 3.877551E+00 1.070186E+01
9.591837E+00 4.081633E+00 1.092181E+01
9.591837E+00 4.285714E+00 1.109472E+01
9.591837E+00 4.489796E+00 1.121661E+01
9.591837E+00 4.693878E+00 1.128428E+01
9.591837E+00 4.897959E+00 1.129545E+01
9.591837E+00 5.102041E+00 1.124883E+01
9.591837E+00 5.306122E+00 1.114420E+01
9.591837E+00 5.510204E+00 1.098242E+01
9.591837E+00 5.714286E+00 1.076534E+01
9.591837E+00 5.918367E+00 1.049573E+01
9.591837E+00 6.122449E+00 1.017709E+01
9.591837E+00 6.326531E+00 9.813530E+00
9.591837E+00 6.530612E+00 9.409533E+00
9.591837E+00 6.734694E+00 8.969807E+00
9.591837E+00 6.938776E+00 8.499091E+00
9.591837E+00 7.142857E+00 8.002012E+00
9.591837E+00 7.346939E+00 7.482954E+00
9.591837E+00 7.551020E+00 6.945962E+00
9.591837E+00 7.755102E+00 6.394678E+00
9.591837E+00 7.959184E+00 5.832299E+00
9.591837E+00 8.163265E+00 5.261561E+00
9.591837E+00 8.367347E+00 4.684748E+00
9.591837E+00 8.571429E+00 4.103705E+00
9.591837E+00 8.775510E+00 3.519879E+00
9.591837E+00 8.979592E+00 2.934353E+00
9.591837E+00 9.183673E+00 2.347897E+00
9.591837E+00 9.387755E+00 1.761016E+00
9.591837E+00 9.591837E+00 1.174002E+00
9.591837E+00 9.795918E+00 5.869876E-01
9.591837E+00 1.000000E+01 0.000000E+00

9.795918E+00 0.000000E+00 1.999167E+00
9.795918E+00 2.040816E-01 2.083054E+00
9.795918E+00 4.081633E-01 2.208515E+00
9.795918E+00 6.122449E-01 2.358983E+00
9.795918E+00 8.163265E-01 2.526557E+00
9.795918E+00 1.020408E+00 2.706764E+00
9.795918E+00 1.224490E+00 2.896649E+00
9.795918E+00 1.428571E+00 3.093979E+00
9.795918E+00 1.632653E+00 3.296865E+00
9.795918E+00 1.836735E+00 3.503551E+00
9.795918E+00 2.040816E+00 3.712291E+00
9.795918E+00 2.244898E+00 3.921271E+00
9.795918E+00 2.448980E+00 4.128560E+00
9.795918E+00 2.653061E+00 4.332079E+00
9.795918E+00 2.857143E+00 4.529596E+00
9.795918E+00 3.061224E+00 4.718729E+00
9.795918E+00 3.265306E+00 4.896971E+00
9.795918E+00 3.469388E+00 5.061733E+00
9.795918E+00 3.673469E+00 5.210394E+00
9.795918E+00 3.877551E+00 5.340378E+00
9.795918E+00 4.081633E+00 5.449234E+00
9.795918E+00 4.285714E+00 5.534716E+00
9.795918E+00 4.489796E+00 5.594880E+00
9.795918E+00 4.693878E+00 5.628158E+00
9.795918E+00 4.897959E+00 5.633427E+00
9.795918E+00 5.102041E+00 5.610061E+00
9.795918E+00 5.306122E+00 5.557953E+00
9.795918E+00 5.510204E+00 5.477513E+00
9.795918E+00 5.714286E+00 5.369646E+00
9.795918E+00 5.918367E+00 5.235695E+00
9.795918E+00 6.122449E+00 5.077376E+00
9.795918E+00 6.326531E+00 4.896692E+00
9.795918E+00 6.530612E+00 4.695847E+00
9.795918E+00 6.734694E+00 4.477148E+00
9.795918E+00 6.938776E+00 4.242930E+00
9.795918E+00 7.142857E+00 3.995473E+00
9.795918E+00 7.346939E+00 3.736946E+00
9.795918E+00 7.551020E+00 3.469355E+00
9.795918E+00 7.755102E+00 3.194510E+00
9.795918E+00 7.959184E+00 2.914004E+00
9.795918E+00 8.163265E+00 2.629208E+00
9.795918E+00 8.367347E+00 2.341267E+00
9.795918E+00 8.571429E+00 2.051112E+00
9.795918E+00 8.775510E+00 1.759475E+00
9.795918E+00 8.979592E+00 1.466911E+00
9.795918E+00 9.183673E+00 1.173816E+00
9.795918E+00 9.387755E+00 8.804548E-01
9.795918E+00 9.591837E+00 5.869876E-01
9.795918E+00 9.795918E+00 2.934938E-01
9.795918E+00 1.000000E+01 0.000000E+00

1.000000E+01 0.000000E+00 0.000000E+00
1.000000E+01 2.040816E-01 0.000000E+00
1.000000E+01 4.081633E-01 -4.973799E-14
1.000000E+01 6.122449E-01 2.359305E-14
1.000000E+01 8.163265E-01 -1.816918E-14
1.000000E+01 1.020408E+00 -8.550690E-15
1.000000E+01 1.224490E+00 -1.103096E-14
1.000000E+01 1.428571E+00 -0.000000E+00
1.000000E+01 1.632653E+00 -4.914392E-15
1.000000E+01 1.836735E+00 2.704155E-14
1.000000E+01 2.040816E+00 4.917992E-15
1.000000E+01 2.244898E+00 1.967534E-14
1.000000E+01 2.448980E+00 -6.395204E-14
1.000000E+01 2.653061E+00 2.459880E-15
1.000000E+01 2.857143E+00 5.904025E-14
1.000000E+01 3.061224E+00 -4.920206E-14
1.000000E+01 3.265306E+00 5.412375E-14
1.000000E+01 3.469388E+00 -7.380661E-15
1.000000E+01 3.673469E+00 -2.706284E-14
1.000000E+01 3.877551E+00 7.380862E-15
1.000000E+01 4.081633E+00 -0.000000E+00
1.000000E+01 4.285714E+00 4.428590E-14
1.000000E+01 4.489796E+00 2.952410E-14
1.000000E+01 4.693878E+00 -1.476212E-14
1.000000E+01 4.897959E+00 -5.166761E-14
1.000000E+01 5.102041E+00 3.444518E-14
1.000000E+01 5.306122E+00 -7.381128E-15
1.000000E+01 5.510204E+00 -1.968305E-14
1.000000E+01 5.714286E+00 -0.000000E+00
1.000000E+01 5.918367E+00 1.968311E-14
1.000000E+01 6.122449E+00 -4.920784E-15
1.000000E+01 6.326531E+00 7.381184E-14
1.000000E+01 6.530612E+00 4.920794E-15
1.000000E+01 6.734694E+00 2.460399E-15
1.000000E+01 6.938776E+00 -2.214360E-14
1.000000E+01 7.142857E+00 3.690602E-14
1.000000E+01 7.346939E+00 1.230201E-15
1.000000E+01 7.551020E+00 3.075505E-14
1.000000E+01 7.755102E+00 -6.151012E-15
1.000000E+01 7.959184E+00 1.230203E-15
1.000000E+01 8.163265E+00 1.230203E-15
1.000000E+01 8.367347E+00 6.151017E-15
1.000000E+01 8.571429E+00 1.845305E-15
1.000000E+01 8.775510E+00 6.151019E-15
1.000000E+01 8.979592E+00 -6.151020E-16
1.000000E+01 9.183673E+00 -3.075510E-15
1.000000E+01 9.387755E+00 -4.459491E-15
1.000000E+01 9.591837E+00 -6.151022E-16
1.000000E+01 9.795918E+00 0.000000E+00
1.000000E+01 1.000000E+01 0.000000E+00

